1022.47 34.02 285.09 7.91 -46.77 7.87 
566.79 -168.20 -293.73 13.91 -50.02 0.45 
566.79 -168.20 -293.73 17.88 -52.60 -5.80 
-80.05 266.02 -1232.50 37.06 -35.44 0.49 
-80.05 266.02 -1232.50 53.89 -24.77 3.68 
-80.05 266.02 -1232.50 66.21 -17.35 5.82 
-413.05 348.24 -1195.88 78.85 -8.33 8.07 
-413.05 348.24 -1195.88 87.80 -1.72 9.83 
-444.97 134.84 -1329.68 93.96 3.26 8.76 
-444.97 134.84 -1329.68 98.13 7.00 7.99 
-84.36 -37.30 -1002.77 97.20 6.46 5.44 
-84.36 -37.30 -1002.77 96.55 6.06 3.53 
256.73 -86.18 -851.96 90.39 0.36 1.23 
256.73 -86.18 -851.96 85.86 -3.90 -0.48 
715.81 -172.47 -218.67 69.64 -16.76 -3.80 
715.81 -172.47 -218.67 55.31 -26.98 -6.75 
715.81 -172.47 -218.67 44.32 -35.29 -9.58 
873.16 -106.11 214.82 28.07 -42.82 -10.35 
873.16 -106.11 214.82 15.61 -49.13 -11.35 
1092.73 -253.27 568.56 3.13 -52.06 -13.92 
1092.73 -253.27 568.56 5.82 -54.40 -16.19 
1112.19 -191.05 295.37 8.44 -58.40 -18.15 
1112.19 -191.05 295.37 10.24 -61.72 -20.25 
865.66 14.96 311.96 12.88 -64.29 -15.90 
865.66 14.96 311.96 14.75 -66.38 -12.25 
767.56 256.08 -289.53 6.02 -65.76 1.57 
767.56 256.08 -289.53 0.80 -65.31 11.51 
539.63 134.55 -629.79 13.25 -57.51 11.05 
539.63 134.55 -629.79 23.05 -52.63 11.17 
539.63 134.55 -629.79 30.29 -49.29 11.37 
382.33 29.02 -924.50 40.38 -41.70 7.99 
382.33 29.02 -924.50 47.85 -36.55 6.09 
17.73 82.00 -1079.67 58.83 -26.79 5.34 
17.73 82.00 -1079.67 67.11 -20.01 4.97 
-92.70 -234.66 -1120.08 74.54 -13.67 0.55 
-92.70 -234.66 -1120.08 79.98 -9.02 -2.59 
-159.08 -133.58 -1056.11 84.97 -4.61 -3.72 
-159.08 -133.58 -1056.11 88.59 -1.32 -4.58 
-131.60 -145.30 -990.53 90.94 0.89 -5.52 
-131.60 -145.30 -990.53 92.66 2.55 -6.23 
-131.44 -76.93 -966.41 93.98 3.85 -5.81 
-131.44 -76.93 -966.41 94.95 4.83 -5.50 
-131.44 -76.93 -966.41 95.66 5.57 -5.27 
-64.83 -85.41 -981.93 95.18 5.12 -5.21 
-64.83 -85.41 -981.93 94.83 4.79 -5.16 
-115.68 -40.88 -962.34 95.34 5.32 -4.48 
-115.68 -40.88 -962.34 95.72 5.71 -3.97 
-107.87 -49.02 -974.44 95.87 5.87 -3.71 
-107.87 -49.02 -974.44 95.98 5.99 -3.50 
-115.70 -37.00 -982.74 96.17 6.18 -3.17 
-115.70 -37.00 -982.74 96.30 6.33 -2.92 
-115.70 -37.00 -982.74 96.41 6.43 -2.73 
-127.44 -36.86 -970.64 96.68 6.71 -2.60 
-127.44 -36.86 -970.64 96.88 6.91 -2.50 
-127.42 -36.69 -946.19 97.07 7.11 -2.43 
-127.42 -36.69 -946.19 97.22 7.26 -2.38 
-123.52 -28.91 -978.79 97.22 7.25 -2.21 
-123.52 -28.91 -978.79 97.21 7.25 -2.08 
-103.98 -53.20 -994.76 96.90 6.94 -2.33 
-103.98 -53.20 -994.76 96.67 6.70 -2.52 
-127.43 -17.00 -999.28 96.82 6.86 -2.14 
-127.43 -17.00 -999.28 96.93 6.97 -1.85 
-127.43 -17.00 -999.28 97.01 7.06 -1.63 
-123.51 -24.90 -978.81 97.06 7.10 -1.59 
-123.51 -24.90 -978.81 97.09 7.14 -1.56 
-123.49 -20.83 -970.68 97.13 7.18 -1.48 
-123.49 -20.83 -970.68 97.16 7.21 -1.42 
-123.52 -17.04 -1003.31 97.13 7.17 -1.31 
-123.52 -17.04 -1003.31 97.10 7.14 -1.23 
-131.36 -24.97 -995.20 97.20 7.25 -1.28 
-131.36 -24.97 -995.20 97.28 7.33 -1.32 
-131.36 -24.97 -995.20 97.34 7.39 -1.35 
-147.06 -28.99 -1007.59 97.58 7.63 -1.43 
-147.06 -28.99 -1007.59 97.76 7.81 -1.49 
-154.92 -36.94 -1003.56 98.02 8.06 -1.65 
-154.92 -36.94 -1003.56 98.21 8.25 -1.76 
-147.09 -48.94 -991.18 98.26 8.31 -2.03 
-147.09 -48.94 -991.18 98.31 8.35 -2.24 
-154.90 -36.80 -983.18 98.47 8.52 -2.22 
-154.90 -36.80 -983.18 98.59 8.64 -2.20 
-158.84 -36.95 -1007.68 98.68 8.73 -2.18 
-158.84 -36.95 -1007.68 98.75 8.80 -2.16 
-158.84 -36.95 -1007.68 98.80 8.85 -2.15 
-166.65 -36.72 -979.24 99.02 9.06 -2.15 
-166.65 -36.72 -979.24 99.18 9.22 -2.15 
-174.51 -44.73 -983.36 99.40 9.44 -2.27 
-174.51 -44.73 -983.36 99.56 9.61 -2.36 
-166.72 -60.90 -995.42 99.55 9.59 -2.65 
-166.72 -60.90 -995.42 99.54 9.58 -2.87 
-135.64 -78.87 -1251.78 98.70 8.74 -3.06 
-135.64 -78.87 -1251.78 98.07 8.12 -3.21 
17.66 34.06 -1050.90 95.81 5.83 -1.92 
17.66 34.06 -1050.90 94.11 4.13 -0.97 
17.66 34.06 -1050.90 92.84 2.85 -0.26 
390.18 40.94 -936.70 86.53 -3.43 0.39 
390.18 40.94 -936.70 81.69 -8.17 0.89 
613.81 64.85 -791.66 74.31 -15.12 1.65 
613.81 64.85 -791.66 68.66 -20.48 2.27 
798.46 54.90 -349.32 57.45 -29.54 2.88 
798.46 54.90 -349.32 48.57 -36.89 3.49 
798.46 54.90 -349.32 41.91 -42.91 4.10 
877.53 98.76 254.61 27.21 -48.93 5.82 
877.53 98.76 254.61 15.23 -53.98 7.56 
904.72 65.18 59.43 9.81 -59.19 8.56 
904.72 65.18 59.43 6.04 -63.70 9.79 
453.38 47.93 -455.05 16.40 -58.33 8.25 
453.38 47.93 -455.05 24.20 -54.78 7.52 
453.38 47.93 -455.05 29.88 -52.32 7.09 
48.45 -84.83 -1396.42 44.59 -37.04 2.96 
48.45 -84.83 -1396.42 56.58 -27.42 1.01 
-264.95 -101.58 -1151.21 69.36 -16.81 -0.59 
-264.95 -101.58 -1151.21 78.92 -9.24 -1.68 
-261.06 -161.17 -1061.19 85.92 -3.50 -3.35 
-261.06 -161.17 -1061.19 90.88 0.78 -4.62 
-127.92 -186.54 -1149.25 92.38 2.17 -5.78 
-127.92 -186.54 -1149.25 93.44 3.21 -6.65 
-25.63 -81.62 -985.58 92.92 2.78 -6.18 
-25.63 -81.62 -985.58 92.55 2.46 -5.83 
217.28 -151.04 -978.44 88.69 -1.27 -6.54 
217.28 -151.04 -978.44 85.82 -4.07 -7.10 
217.28 -151.04 -978.44 83.69 -6.18 -7.52 
511.95 42.02 -686.70 76.04 -13.39 -5.03 
511.95 42.02 -686.70 70.19 -18.94 -3.12 
727.80 82.28 -505.14 61.24 -26.72 -0.99 
727.80 82.28 -505.14 54.34 -32.91 0.80 
986.69 14.88 -192.12 43.27 -40.89 0.95 
986.69 14.88 -192.12 34.66 -47.56 1.12 
1010.37 27.75 -53.33 26.19 -53.63 1.62 
1010.37 27.75 -53.33 19.93 -58.83 2.16 
1010.37 27.75 -53.33 15.39 -63.30 2.75 
1014.23 7.50 -77.64 12.47 -67.13 2.66 
1014.23 7.50 -77.64 10.35 -70.45 2.63 
947.63 12.10 -41.73 8.31 -73.59 2.99 
947.63 12.10 -41.73 6.82 -76.39 3.48 
617.50 -79.24 -737.90 17.48 -62.96 -1.27 
617.50 -79.24 -737.90 25.94 -56.07 -2.90 
276.27 -47.14 -994.60 38.38 -43.63 -2.59 
276.27 -47.14 -994.60 48.16 -35.82 -2.55 
276.27 -47.14 -994.60 55.39 -30.44 -2.57 
1.70 -90.46 -1083.06 64.64 -22.36 -3.10 
1.70 -90.46 -1083.06 71.50 -16.60 -3.50 
-104.14 -97.80 -1063.83 77.97 -10.94 -3.91 
-104.14 -97.80 -1063.83 82.68 -6.77 -4.23 
-135.58 -137.79 -1068.06 86.52 -3.26 -4.99 
-135.58 -137.79 -1068.06 89.33 -0.64 -5.58 
-92.41 -153.50 -985.97 90.89 0.85 -6.40 
-92.41 -153.50 -985.97 92.03 1.97 -7.03 
-76.65 -141.12 -924.72 92.72 2.66 -7.46 
-76.65 -141.12 -924.72 93.24 3.18 -7.78 
-88.51 -141.79 -1030.82 93.66 3.61 -7.81 
-88.51 -141.79 -1030.82 93.98 3.93 -7.83 
-88.51 -141.79 -1030.82 94.21 4.18 -7.85 
-72.77 -145.38 -957.26 94.24 4.22 -8.07 
-72.77 -145.38 -957.26 94.27 4.25 -8.23 
-108.10 -181.17 -937.10 94.85 4.81 -8.92 
-108.10 -181.17 -937.10 95.28 5.24 -9.45 
-60.90 -97.21 -945.14 94.88 4.85 -8.56 
-60.90 -97.21 -945.14 94.58 4.56 -7.90 
1.72 -161.53 -915.58 93.41 3.39 -8.45 
1.72 -161.53 -915.58 92.53 2.52 -8.86 
1.72 -161.53 -915.58 91.87 1.86 -9.17 
-76.83 -193.84 -1005.98 92.49 2.48 -9.63 
-76.83 -193.84 -1005.98 92.96 2.94 -9.98 
-5.88 -13.44 -973.48 92.30 2.29 -7.66 
-5.88 -13.44 -973.48 91.81 1.81 -5.94 
60.88 46.38 -977.10 90.46 0.46 -3.76 
60.88 46.38 -977.10 89.45 -0.56 -2.14 
-174.35 154.22 -1224.84 91.60 1.60 0.18 
-174.35 154.22 -1224.84 93.22 3.22 1.93 
-174.35 154.22 -1224.84 94.44 4.44 3.24 
-64.97 -129.88 -1030.62 94.23 4.23 0.62 
-64.97 -129.88 -1030.62 94.08 4.08 -1.35 
139.14 -14.32 -992.23 91.04 1.04 -1.22 
139.14 -14.32 -992.23 88.77 -1.23 -1.12 
-21.76 -82.01 -1038.53 89.38 -0.62 -1.98 
-21.76 -82.01 -1038.53 89.84 -0.16 -2.62 
-18.30 -294.92 -1074.11 90.12 0.12 -5.82 
-18.30 -294.92 -1074.11 90.33 0.33 -8.22 
-65.17 -238.09 -1013.78 91.16 1.15 -9.49 
-65.17 -238.09 -1013.78 91.79 1.77 -10.45 
-65.17 -238.09 -1013.78 92.26 2.23 -11.18 
-45.54 -238.02 -989.10 92.35 2.32 -11.80 
-45.54 -238.02 -989.10 92.42 2.39 -12.27 
-60.85 -61.24 -965.70 92.72 2.70 -10.10 
-60.85 -61.24 -965.70 92.95 2.93 -8.48 
-92.18 -53.00 -957.94 93.59 3.58 -7.16 
-92.18 -53.00 -957.94 94.07 4.07 -6.16 
-41.17 -9.38 -994.27 93.64 3.65 -4.75 
-41.17 -9.38 -994.27 93.32 3.33 -3.70 
-41.17 -9.38 -994.27 93.08 3.10 -2.91 
385.89 -21.02 -1197.31 87.86 -2.13 -2.42 
385.89 -21.02 -1197.31 83.89 -6.05 -2.07 
554.38 -172.71 -958.25 77.93 -11.79 -3.86 
554.38 -172.71 -958.25 73.38 -16.17 -5.29 
323.17 -91.88 -1046.84 73.25 -16.46 -5.24 
323.17 -91.88 -1046.84 73.14 -16.68 -5.20 
-495.98 -130.34 -839.79 84.40 -5.19 -5.64 
-495.98 -130.34 -839.79 93.62 3.27 -6.11 
-1055.98 173.14 -888.34 105.35 13.22 -2.90 
-1055.98 173.14 -888.34 114.58 20.95 -0.39 
-644.89 -109.41 -825.26 118.27 24.77 -1.92 
-644.89 -109.41 -825.26 120.89 27.72 -3.13 
283.92 -88.08 -1108.44 109.07 16.63 -3.34 
283.92 -88.08 -1108.44 99.96 8.74 -3.55 
283.92 -88.08 -1108.44 93.28 2.94 -3.75 
1443.57 -98.71 -1780.19 82.14 -6.85 -3.45 
1443.57 -98.71 -1780.19 73.66 -14.32 -3.29 
-72.05 53.50 -624.01 79.88 -9.03 -1.19 
-72.05 53.50 -624.01 84.37 -5.12 0.33 
-1072.04 24.21 -969.30 97.77 6.62 0.48 
-1072.04 24.21 -969.30 108.61 15.58 0.62 
-849.24 -353.24 -846.71 115.73 21.64 -3.81 
-849.24 -353.24 -846.71 120.93 26.35 -7.43 
48.53 -230.64 -1012.54 111.81 18.73 -8.69 
48.53 -230.64 -1012.54 105.11 13.24 -9.67 
1173.50 -15.35 -1530.91 91.30 1.09 -7.16 
1173.50 -15.35 -1530.91 80.48 -7.96 -5.53 
1173.50 -15.35 -1530.91 72.59 -14.88 -4.37 
393.80 -257.94 -637.61 68.72 -18.61 -8.38 
393.80 -257.94 -637.61 65.93 -21.46 -11.55 
-449.36 -169.10 -1189.62 77.58 -10.75 -10.13 
-449.36 -169.10 -1189.62 86.57 -2.98 -9.38 
-1244.49 72.79 -1036.69 100.49 8.60 -6.45 
-1244.49 72.79 -1036.69 111.51 17.51 -4.34 
-573.99 -36.18 -625.10 117.44 22.97 -4.02 
-573.99 -36.18 -625.10 121.61 27.22 -3.79 
872.13 56.74 -1192.26 104.36 11.22 -2.01 
872.13 56.74 -1192.26 89.81 -0.14 -0.93 
812.45 -249.77 -1468.56 81.26 -7.05 -2.85 
812.45 -249.77 -1468.56 75.39 -12.30 -4.35 
-456.59 60.72 -1031.88 85.98 -3.38 -2.42 
-456.59 60.72 -1031.88 93.76 3.24 -1.05 
-1345.88 298.57 -953.36 106.98 13.83 1.77 
-1345.88 298.57 -953.36 117.36 22.08 4.09 
-1345.88 298.57 -953.36 124.97 28.59 6.09 
-597.56 -28.52 -694.70 126.58 31.23 4.18 
-597.56 -28.52 -694.70 127.70 33.25 2.68 
667.70 -270.75 -1127.69 110.93 16.56 -1.31 
667.70 -270.75 -1127.69 96.47 5.02 -3.89 
1012.30 -342.26 -1347.66 83.93 -4.74 -5.80 
1012.30 -342.26 -1347.66 74.91 -12.13 -7.39 
-268.53 66.94 -1152.09 83.07 -5.78 -4.62 
-268.53 66.94 -1152.09 88.77 -1.06 -2.63 
-1216.98 152.27 -1126.46 101.51 9.56 -0.69 
-1216.98 152.27 -1126.46 111.36 17.74 0.82 
-742.28 93.12 -619.48 119.26 24.45 2.11 
-742.28 93.12 -619.48 124.97 29.73 3.19 
651.67 -360.11 -1298.62 109.21 15.17 -1.46 
651.67 -360.11 -1298.62 96.28 4.94 -4.57 
1231.52 -432.48 -1467.03 83.15 -5.34 -6.62 
1231.52 -432.48 -1467.03 73.53 -13.15 -8.36 
1231.52 -432.48 -1467.03 66.77 -19.16 -9.84 
-413.35 85.07 -958.15 79.54 -8.50 -5.85 
-413.35 85.07 -958.15 89.13 -0.72 -3.18 
-1170.01 52.63 -995.00 102.81 10.23 -1.93 
-1170.01 52.63 -995.00 113.27 18.67 -1.00 
-664.04 12.50 -614.13 120.05 24.73 -0.57 
-664.04 12.50 -614.13 124.83 29.48 -0.22 
502.61 -308.65 -1512.50 110.76 16.90 -3.04 
502.61 -308.65 -1512.50 99.76 8.02 -5.00 
1392.10 -533.18 -1403.59 85.17 -3.78 -7.49 
1392.10 -533.18 -1403.59 73.80 -12.71 -9.61 
-193.72 33.31 -735.32 82.83 -5.83 -6.42 
-193.72 33.31 -735.32 89.13 -0.74 -4.16 
-970.23 15.02 -1061.86 100.86 9.02 -3.01 
-970.23 15.02 -1061.86 109.66 16.50 -2.17 
-793.69 -103.60 -676.14 117.82 23.43 -3.21 
-793.69 -103.60 -676.14 123.76 28.88 -4.10 
-793.69 -103.60 -676.14 128.03 33.15 -4.87 
322.52 -337.73 -1208.66 114.51 20.30 -7.32 
322.52 -337.73 -1208.66 103.71 11.36 -9.14 
1286.25 -572.28 -1335.28 88.62 -1.07 -11.00 
1286.25 -572.28 -1335.28 76.58 -10.40 -12.76 
-370.22 132.38 -1047.58 86.24 -3.02 -7.67 
-370.22 132.38 -1047.58 92.96 2.47 -4.04 
-966.77 -142.50 -1211.85 102.82 10.74 -4.41 
-966.77 -142.50 -1211.85 110.00 17.09 -4.76 
-526.95 -16.67 -669.51 114.98 21.82 -3.97 
-526.95 -16.67 -669.51 118.54 25.47 -3.37 
635.94 -431.60 -1204.68 104.59 12.12 -6.83 
635.94 -431.60 -1204.68 93.13 2.56 -9.43 
1184.76 -434.26 -1178.14 79.97 -7.98 -10.82 
1184.76 -434.26 -1178.14 70.01 -16.05 -12.17 
-440.92 56.60 -1035.76 82.18 -6.31 -8.07 
-440.92 56.60 -1035.76 91.05 0.87 -5.28 
-1170.48 9.76 -1394.24 101.90 9.85 -3.94 
-1170.48 9.76 -1394.24 109.82 16.74 -2.96 
-687.61 -15.40 -606.10 117.65 23.46 -2.57 
-687.61 -15.40 -606.10 123.35 28.73 -2.28 
-687.61 -15.40 -606.10 127.45 32.86 -2.07 
989.04 -288.89 -1189.22 109.02 14.40 -4.08 
989.04 -288.89 -1189.22 92.21 1.62 -5.62 
1266.63 -552.57 -1400.82 79.07 -8.08 -8.36 
1266.63 -552.57 -1400.82 69.76 -15.50 -10.68 
-523.28 56.71 -1081.52 83.17 -5.27 -7.05 
-523.28 56.71 -1081.52 92.83 2.26 -4.59 
-1205.15 227.85 -1212.30 104.65 11.67 -1.60 
-1205.15 227.85 -1212.30 113.28 18.92 0.74 
-754.56 -17.28 -928.85 117.78 23.50 0.35 
-754.56 -17.28 -928.85 120.92 27.03 0.04 
-163.21 -348.66 -830.90 115.81 22.69 -5.93 
-163.21 -348.66 -830.90 112.01 19.52 -10.23 
193.87 118.84 -1424.35 103.98 12.51 -6.15 
193.87 118.84 -1424.35 98.10 7.38 -3.33 
221.79 149.76 -992.12 92.60 2.40 -0.37 
221.79 149.76 -992.12 88.58 -1.33 1.83 
672.29 66.26 -1125.25 80.92 -8.43 2.13 
672.29 66.26 -1125.25 75.18 -13.83 2.38 
672.29 66.26 -1125.25 70.96 -17.97 2.59 
554.49 -179.84 -827.78 67.14 -21.72 -0.79 
554.49 -179.84 -827.78 64.31 -24.60 -3.44 
283.42 -368.50 -1045.90 66.94 -22.03 -7.60 
283.42 -368.50 -1045.90 68.92 -20.13 -10.66 
-65.39 -366.25 -980.53 75.02 -14.03 -13.02 
-65.39 -366.25 -980.53 79.73 -9.56 -14.82 
-370.49 35.56 -1124.54 87.14 -2.64 -10.48 
-370.49 35.56 -1124.54 92.69 2.51 -7.40 
-766.03 24.42 -709.08 103.77 12.23 -5.33 
-766.03 24.42 -709.08 112.54 19.74 -3.80 
-860.73 -244.50 -794.39 119.07 25.46 -6.16 
-860.73 -244.50 -794.39 123.88 29.92 -8.15 
-860.73 -244.50 -794.39 127.41 33.41 -9.81 
-676.54 -214.12 -906.61 127.23 33.94 -10.61 
-676.54 -214.12 -906.61 127.10 34.34 -11.21 
-277.00 -336.94 -962.66 121.81 29.27 -13.29 
-277.00 -336.94 -962.66 117.81 25.63 -14.81 
-34.22 -474.56 -955.18 111.56 19.42 -17.62 
-34.22 -474.56 -955.18 106.71 14.92 -19.76 
170.34 4.21 -1191.70 99.98 9.05 -14.31 
170.34 4.21 -1191.70 95.10 4.71 -10.53 
798.05 150.94 -969.37 83.73 -5.57 -6.15 
798.05 150.94 -969.37 74.86 -13.38 -2.94 
1153.94 -101.98 -1306.51 67.74 -19.84 -3.18 
1153.94 -101.98 -1306.51 62.56 -24.87 -3.40 
382.03 -155.05 -854.29 63.46 -24.68 -5.16 
382.03 -155.05 -854.29 64.10 -24.54 -6.49 
-123.40 145.99 -1216.08 72.18 -16.63 -2.82 
-123.40 145.99 -1216.08 78.33 -10.92 -0.32 
-174.52 113.43 -1322.47 83.35 -6.27 0.99 
-174.52 113.43 -1322.47 87.05 -2.81 1.97 
-225.36 -31.79 -890.24 91.48 1.41 0.98 
-225.36 -31.79 -890.24 94.76 4.58 0.24 
-225.36 -31.79 -890.24 97.18 6.97 -0.32 
-418.13 -142.46 -1376.90 99.67 9.43 -1.68 
-418.13 -142.46 -1376.90 101.51 11.28 -2.72 
-770.63 -166.28 -1022.04 107.82 17.13 -4.01 
-770.63 -166.28 -1022.04 112.66 21.64 -5.06 
-676.03 54.48 -936.48 116.01 24.90 -3.15 
-676.03 54.48 -936.48 118.51 27.40 -1.66 
-233.98 -440.75 -855.68 115.39 23.86 -8.25 
-233.98 -440.75 -855.68 112.95 21.27 -13.04 
-162.88 -136.70 -929.78 109.54 18.36 -11.78 
-162.88 -136.70 -929.78 107.04 16.21 -10.88 
-83.95 175.19 -1024.21 103.87 13.28 -5.53 
-83.95 175.19 -1024.21 101.52 11.10 -1.64 
252.72 27.89 -1186.82 95.48 5.26 -0.88 
252.72 27.89 -1186.82 90.95 0.92 -0.32 
1044.53 -122.72 -904.10 78.71 -10.20 -1.54 
1044.53 -122.72 -904.10 68.78 -18.77 -2.54 
1044.53 -122.72 -904.10 61.27 -25.49 -3.41 
660.98 176.27 -889.51 59.14 -28.11 -0.05 
660.98 176.27 -889.51 57.62 -30.11 2.58 
346.93 16.50 -1022.66 61.22 -27.23 2.13 
346.93 16.50 -1022.66 63.84 -25.11 1.82 
-10.17 -261.26 -841.85 70.48 -18.38 -3.23 
-10.17 -261.26 -841.85 75.58 -13.51 -6.79 
-171.13 -297.73 -1014.66 81.66 -7.76 -9.08 
-171.13 -297.73 -1014.66 86.25 -3.49 -10.82 
-382.30 -20.13 -1063.26 92.39 2.23 -8.34 
-382.30 -20.13 -1063.26 96.95 6.54 -6.54 
-687.85 73.88 -1042.69 103.73 12.81 -4.13 
-687.85 73.88 -1042.69 108.83 17.61 -2.29 
-974.35 -136.71 -959.25 115.62 23.67 -3.32 
-974.35 -136.71 -959.25 120.74 28.40 -4.19 
-974.35 -136.71 -959.25 124.55 32.09 -4.92 
-563.28 -375.88 -1006.44 123.21 30.95 -8.84 
-563.28 -375.88 -1006.44 122.21 30.10 -11.75 
-346.96 -79.23 -879.14 119.43 27.86 -9.96 
-346.96 -79.23 -879.14 117.40 26.21 -8.69 
-230.24 -564.69 -789.80 114.91 22.91 -15.35 
-230.24 -564.69 -789.80 112.92 20.48 -20.31 
-174.32 114.88 -1110.52 109.14 17.53 -13.24 
-174.32 114.88 -1110.52 106.43 15.35 -8.24 
237.45 177.26 -1065.46 98.95 8.30 -3.66 
237.45 177.26 -1065.46 93.32 3.10 -0.40 
1134.18 -241.46 -1183.75 81.49 -7.55 -2.41 
1134.18 -241.46 -1183.75 72.11 -15.69 -4.05 
766.63 -27.37 -667.20 63.66 -23.13 -3.60 
766.63 -27.37 -667.20 57.49 -28.99 -3.28 
201.58 -238.10 -815.14 62.40 -24.97 -6.77 
201.58 -238.10 -815.14 66.00 -22.04 -9.27 
-120.41 -291.76 -1275.00 73.60 -14.97 -10.03 
-120.41 -291.76 -1275.00 79.32 -9.82 -10.67 
-163.80 -376.52 -1381.04 83.86 -5.69 -11.77 
-163.80 -376.52 -1381.04 87.20 -2.61 -12.62 
-382.64 -196.57 -1050.15 93.09 2.88 -11.97 
-382.64 -196.57 -1050.15 97.48 7.02 -11.55 
-489.09 -382.29 -1299.05 100.84 10.20 -12.67 
-489.09 -382.29 -1299.05 103.34 12.60 -13.55 
-773.74 56.97 -648.19 112.45 20.47 -9.69 
-773.74 56.97 -648.19 119.56 26.63 -6.72 
-773.74 56.97 -648.19 124.90 31.48 -4.36 
-429.61 -203.77 -965.04 122.03 29.43 -6.32 
-429.61 -203.77 -965.04 119.94 27.92 -7.75 
-163.28 -321.48 -961.47 114.82 23.03 -10.54 
-163.28 -321.48 -961.47 110.97 19.48 -12.57 
-21.74 -89.81 -1005.88 105.78 14.81 -10.51 
-21.74 -89.81 -1005.88 101.97 11.37 -9.08 
565.56 -358.80 -1173.23 92.61 2.39 -10.57 
565.56 -358.80 -1173.23 85.30 -4.28 -11.85 
354.93 29.44 -884.05 80.68 -8.64 -8.48 
354.93 29.44 -884.05 77.34 -11.94 -5.95 
-55.90 543.26 -1156.17 81.07 -8.29 1.77 
-55.90 543.26 -1156.17 83.94 -5.58 7.48 
166.92 201.52 -1090.82 83.24 -6.34 8.25 
166.92 201.52 -1090.82 82.74 -6.91 8.82 
166.92 201.52 -1090.82 82.37 -7.35 9.26 
-76.12 159.30 -995.51 85.43 -4.41 9.19 
-76.12 159.30 -995.51 87.71 -2.22 9.16 
15.90 -1014.74 -703.27 87.87 -1.85 -5.09 
15.90 -1014.74 -703.27 88.02 -1.58 -15.94 
-46.26 -599.04 -979.15 89.26 -0.60 -19.75 
-46.26 -599.04 -979.15 90.16 0.13 -22.67 
286.66 -741.22 -982.86 86.09 -3.20 -26.02 
286.66 -741.22 -982.86 83.00 -5.71 -28.67 
-295.14 282.54 -741.78 90.80 0.66 -16.00 
-295.14 282.54 -741.78 96.48 5.44 -7.17 
-164.58 1473.18 -1952.81 96.08 5.05 3.34 
-164.58 1473.18 -1952.81 95.77 4.75 11.26 
-164.58 1473.18 -1952.81 95.54 4.53 17.34 
-365.57 287.81 -612.16 102.28 10.11 18.62 
-365.57 287.81 -612.16 107.23 14.35 19.75 
-260.37 -1960.03 -681.25 107.68 12.55 0.57 
-260.37 -1960.03 -681.25 108.14 11.20 -13.48 
-186.90 -420.93 -855.26 106.24 11.19 -16.62 
-186.90 -420.93 -855.26 105.05 11.19 -19.01 
-238.32 1704.21 -1669.46 103.40 9.81 -3.57 
-238.32 1704.21 -1669.46 102.12 8.79 7.69 
-276.66 -298.99 -693.83 104.98 11.55 0.39 
-276.66 -298.99 -693.83 106.90 13.65 -5.18 
13.31 -2065.37 -1207.55 103.89 10.11 -16.75 
13.31 -2065.37 -1207.55 101.17 7.48 -25.75 
-148.58 1404.11 -1483.53 99.72 6.65 -8.75 
-148.58 1404.11 -1483.53 98.67 6.03 3.37 
-435.81 511.95 -744.51 104.88 10.71 9.94 
-435.81 511.95 -744.51 109.20 14.26 15.12 
-25.70 -2063.82 -1012.34 106.30 10.81 -2.15 
-25.70 -2063.82 -1012.34 103.62 8.25 -14.88 
-266.79 799.11 -866.34 104.63 9.35 -1.53 
-266.79 799.11 -866.34 105.32 10.18 8.45 
-266.79 799.11 -866.34 105.81 10.80 16.13 
-466.00 1505.33 -1589.50 105.95 11.11 22.35 
-466.00 1505.33 -1589.50 106.05 11.34 27.21 
-111.75 -2062.10 -825.82 104.80 9.22 5.96 
-111.75 -2062.10 -825.82 103.61 7.63 -9.10 
-76.70 -339.32 -573.18 101.58 7.38 -14.30 
-76.70 -339.32 -573.18 100.35 7.19 -18.27 
-304.97 1748.01 -1768.26 100.21 7.14 -3.36 
-304.97 1748.01 -1768.26 100.10 7.11 7.61 
-183.72 -718.84 -1000.47 100.18 7.48 -2.73 
-183.72 -718.84 -1000.47 100.24 7.75 -10.53 
92.22 -2058.23 -693.12 98.04 5.19 -22.10 
92.22 -2058.23 -693.12 95.82 3.27 -31.38 
-147.44 2025.27 -1588.53 95.68 3.28 -11.15 
-147.44 2025.27 -1588.53 95.58 3.28 2.99 
-208.90 258.40 -687.71 99.48 6.35 7.09 
-208.90 258.40 -687.71 101.83 8.66 10.24 
373.53 -2070.18 -1635.56 96.37 4.44 -3.72 
373.53 -2070.18 -1635.56 91.92 1.30 -14.19 
373.53 -2070.18 -1635.56 88.40 -1.06 -22.35 
-125.94 946.84 -1448.38 90.36 0.25 -8.52 
-125.94 946.84 -1448.38 91.67 1.23 1.49 
-485.97 834.26 -587.72 100.12 6.99 11.67 
-485.97 834.26 -587.72 107.12 11.36 19.79 
72.90 -2016.61 -489.74 104.44 7.98 0.23 
72.90 -2016.61 -489.74 101.61 5.47 -14.07 
-88.58 -253.06 -875.38 99.24 5.50 -14.62 
-88.58 -253.06 -875.38 98.03 5.53 -15.03 
-12.98 498.18 -1261.44 95.71 4.28 -5.82 
-12.98 498.18 -1261.44 94.21 3.35 0.95 
205.87 53.24 -1036.66 89.63 -0.31 1.44 
205.87 53.24 -1036.66 86.54 -3.05 1.81 
205.87 53.24 -1036.66 84.39 -5.11 2.10 
131.80 281.94 -1091.62 84.06 -5.52 5.18 
131.80 281.94 -1091.62 83.81 -5.82 7.51 
197.98 37.06 -1061.12 82.66 -7.03 6.14 
197.98 37.06 -1061.12 81.82 -7.94 5.12 
138.92 -118.71 -1003.94 81.90 -7.94 2.13 
138.92 -118.71 -1003.94 81.95 -7.94 -0.11 
150.51 -238.66 -933.91 81.68 -8.20 -3.67 
150.51 -238.66 -933.91 81.47 -8.40 -6.36 
80.16 -149.78 -898.46 82.34 -7.57 -7.17 
80.16 -149.78 -898.46 82.98 -6.95 -7.77 
80.16 -149.78 -898.46 83.47 -6.49 -8.22 
130.34 -456.16 -1071.64 83.37 -6.48 -11.93 
130.34 -456.16 -1071.64 83.30 -6.48 -14.74 
79.41 -534.82 -880.24 83.65 -5.98 -18.83 
79.41 -534.82 -880.24 83.93 -5.60 -21.95 
32.21 -559.41 -990.70 84.95 -4.61 -23.89 
32.21 -559.41 -990.70 85.73 -3.87 -25.36 
-14.16 -194.52 -1058.26 87.08 -2.71 -21.51 
-14.16 -194.52 -1058.26 88.05 -1.84 -18.70 
25.24 -149.81 -943.91 88.16 -1.76 -16.26 
25.24 -149.81 -943.91 88.24 -1.71 -14.46 
9.82 -37.11 -903.89 88.53 -1.44 -11.40 
9.82 -37.11 -903.89 88.75 -1.23 -9.12 
9.82 -37.11 -903.89 88.91 -1.08 -7.43 
-41.16 14.41 -1035.15 89.76 -0.24 -5.36 
-41.16 14.41 -1035.15 90.40 0.40 -3.82 
-48.67 238.34 -1150.49 90.90 0.89 0.07 
-48.67 238.34 -1150.49 91.28 1.27 2.98 
-56.00 451.60 -1066.04 91.69 1.65 7.86 
-56.00 451.60 -1066.04 92.00 1.93 11.56 
-40.76 191.30 -983.04 92.10 2.03 11.44 
-40.76 191.30 -983.04 92.17 2.11 11.35 
-40.76 191.30 -983.04 92.22 2.17 11.28 
-60.32 171.93 -897.57 92.63 2.57 11.18 
-60.32 171.93 -897.57 92.93 2.88 11.11 
87.63 -275.06 -1024.11 90.98 0.96 4.52 
87.63 -275.06 -1024.11 89.51 -0.47 -0.37 
64.03 -315.03 -1020.10 88.74 -1.23 -4.56 
64.03 -315.03 -1020.10 88.16 -1.79 -7.72 
-34.02 -398.00 -906.65 89.12 -0.84 -11.67 
-34.02 -398.00 -906.65 89.86 -0.13 -14.68 
-34.02 -398.00 -906.65 90.42 0.40 -16.96 
-53.90 -518.54 -947.03 91.10 1.02 -19.89 
-53.90 -518.54 -947.03 91.62 1.49 -22.12 
-65.47 -414.28 -963.98 92.19 2.02 -22.47 
-65.47 -414.28 -963.98 92.62 2.42 -22.74 
-107.63 35.73 -901.49 93.73 3.52 -16.28 
-107.63 35.73 -901.49 94.54 4.35 -11.57 
-56.86 -56.86 -908.61 94.29 4.16 -9.56 
-56.86 -56.86 -908.61 94.11 4.02 -8.06 
-33.21 -20.45 -847.39 93.63 3.58 -6.39 
-33.21 -20.45 -847.39 93.28 3.25 -5.13 
-33.21 -20.45 -847.39 93.02 3.00 -4.20 
-52.85 34.75 -1002.78 93.02 3.01 -2.65 
-52.85 34.75 -1002.78 93.02 3.02 -1.48 
-48.09 448.08 -988.49 92.96 2.90 4.82 
-48.09 448.08 -988.49 92.92 2.81 9.59 
-24.70 292.78 -799.95 92.64 2.52 12.18 
-24.70 292.78 -799.95 92.42 2.31 14.13 
-24.70 292.78 -799.95 92.26 2.15 15.61 
-21.19 179.11 -990.92 91.99 1.91 14.28 
-21.19 179.11 -990.92 91.80 1.74 13.28 
13.67 -81.15 -887.32 91.11 1.08 8.58 
13.67 -81.15 -887.32 90.60 0.59 5.10 
9.59 -157.42 -895.14 90.29 0.29 1.31 
9.59 -157.42 -895.14 90.06 0.06 -1.52 
9.59 -157.42 -895.14 89.89 -0.10 -3.65 
-33.76 -249.75 -935.92 90.43 0.43 -6.48 
-33.76 -249.75 -935.92 90.84 0.82 -8.62 
-10.36 -405.05 -747.38 90.83 0.79 -13.47 
-10.36 -405.05 -747.38 90.82 0.77 -17.17 
59.86 -435.48 -1035.84 89.79 -0.19 -18.64 
59.86 -435.48 -1035.84 89.02 -0.92 -19.74 
28.73 -291.26 -1089.90 88.89 -1.06 -18.59 
28.73 -291.26 -1089.90 88.78 -1.16 -17.73 
-103.64 67.89 -889.38 90.82 0.79 -12.08 
-103.64 67.89 -889.38 92.31 2.25 -7.94 
-5.56 111.41 -904.80 91.81 1.78 -4.18 
-5.56 111.41 -904.80 91.44 1.42 -1.37 
-5.56 111.41 -904.80 91.17 1.15 0.74 
13.78 -17.10 -908.02 90.65 0.65 0.28 
13.78 -17.10 -908.02 90.27 0.26 -0.06 
-177.76 213.15 -825.72 93.16 3.12 3.46 
-177.76 213.15 -825.72 95.37 5.26 6.12 
-189.72 342.36 -1299.33 96.10 5.96 8.27 
-189.72 342.36 -1299.33 96.65 6.49 9.90 
-189.72 342.36 -1299.33 97.07 6.89 11.13 
-68.30 246.15 -1195.58 96.11 5.97 11.27 
-68.30 246.15 -1195.58 95.39 5.29 11.38 
95.99 -73.66 -902.74 92.47 2.43 7.30 
95.99 -73.66 -902.74 90.30 0.30 4.29 
244.25 -320.61 -1111.80 87.16 -2.78 -0.73 
244.25 -320.61 -1111.80 84.78 -5.10 -4.51 
146.03 -381.02 -1218.58 84.38 -5.48 -7.74 
146.03 -381.02 -1218.58 84.08 -5.76 -10.17 
146.03 -381.02 -1218.58 83.85 -5.98 -12.01 
122.29 -588.12 -1014.00 83.68 -5.99 -16.47 
122.29 -588.12 -1014.00 83.55 -6.01 -19.87 
28.62 -470.03 -832.22 84.63 -4.94 -22.30 
28.62 -470.03 -832.22 85.45 -4.14 -24.16 
-6.09 -113.79 -981.13 86.77 -3.01 -19.61 
-6.09 -113.79 -981.13 87.72 -2.17 -16.30 
-60.82 -250.96 -548.99 89.80 -0.18 -18.32 
-60.82 -250.96 -548.99 91.40 1.31 -19.86 
-6.12 107.52 -1471.37 91.09 1.04 -13.67 
-6.12 107.52 -1471.37 90.87 0.84 -9.14 
40.62 -33.31 -1494.60 90.24 0.24 -7.17 
40.62 -33.31 -1494.60 89.78 -0.22 -5.69 
40.62 -33.31 -1494.60 89.44 -0.56 -4.59 
21.15 -103.49 -1213.21 89.33 -0.67 -4.68 
21.15 -103.49 -1213.21 89.25 -0.75 -4.74 
52.62 -162.18 -972.08 88.66 -1.34 -5.95 
52.62 -162.18 -972.08 88.22 -1.78 -6.85 
56.78 -77.44 -899.08 87.76 -2.24 -6.38 
56.78 -77.44 -899.08 87.41 -2.59 -6.03 
57.09 63.14 -875.33 87.13 -2.88 -3.48 
57.09 63.14 -875.33 86.91 -3.10 -1.57 
37.70 139.92 -810.71 87.02 -2.98 1.27 
37.70 139.92 -810.71 87.10 -2.90 3.41 
37.70 139.92 -810.71 87.16 -2.83 5.01 
80.86 104.38 -695.92 86.21 -3.77 5.89 
80.86 104.38 -695.92 85.50 -4.48 6.56 
112.12 99.53 -793.37 84.61 -5.37 6.72 
112.12 99.53 -793.37 83.95 -6.04 6.84 
112.24 68.75 -601.64 82.82 -7.17 6.77 
112.24 68.75 -601.64 81.97 -8.01 6.72 
112.24 68.75 -601.64 81.33 -8.65 6.68 
96.54 128.03 -744.78 81.65 -8.32 7.46 
96.54 128.03 -744.78 81.89 -8.07 8.05 
174.40 -14.61 -1008.14 81.46 -8.54 5.83 
174.40 -14.61 -1008.14 81.14 -8.89 4.16 
87.85 -51.98 -1257.56 82.36 -7.67 2.51 
87.85 -51.98 -1257.56 83.28 -6.76 1.27 
87.85 -51.98 -1257.56 83.96 -6.08 0.35 
103.53 -71.82 -1212.45 84.25 -5.79 -0.60 
103.53 -71.82 -1212.45 84.47 -5.58 -1.31 
103.59 -75.38 -1147.21 84.56 -5.49 -1.93 
103.59 -75.38 -1147.21 84.63 -5.42 -2.40 
13.61 -45.94 -1017.93 85.78 -4.26 -2.45 
13.61 -45.94 -1017.93 86.65 -3.38 -2.49 
87.80 -285.70 -820.25 85.98 -4.00 -6.65 
87.80 -285.70 -820.25 85.47 -4.46 -9.79 
103.39 -108.43 -1285.64 85.46 -4.51 -8.56 
91.63 -108.37 -1285.77 85.57 -4.41 -7.64 
91.63 -108.37 -1285.77 85.66 -4.34 -6.95 
5.90 -1.49 -977.48 86.67 -3.34 -5.22 
5.90 -1.49 -977.48 87.42 -2.59 -3.93 
196.57 -423.75 -1560.19 86.29 -3.70 -6.76 
196.57 -423.75 -1560.19 85.43 -4.53 -8.89 
-80.68 -50.90 -1226.84 87.54 -2.45 -7.25 
-80.68 -50.90 -1226.84 89.11 -0.89 -6.03 
-6.43 -132.02 -1298.98 89.41 -0.59 -5.99 
-6.43 -132.02 -1298.98 89.63 -0.37 -5.96 
-13.82 37.36 -1177.62 89.89 -0.11 -4.01 
-13.82 37.36 -1177.62 90.09 0.09 -2.54 
-13.82 37.36 -1177.62 90.23 0.23 -1.45 
-21.50 26.60 -998.31 90.48 0.49 -0.70 
-21.50 26.60 -998.31 90.67 0.68 -0.14 
57.47 140.97 -643.38 89.26 -0.74 2.96 
57.47 140.97 -643.38 88.18 -1.80 5.29 
93.28 184.04 -186.67 83.34 -6.11 13.52 
93.28 184.04 -186.67 79.16 -9.36 20.01 
93.28 184.04 -186.67 75.68 -11.81 25.18 
26.25 82.80 -374.41 78.57 -9.81 21.79 
26.25 82.80 -374.41 80.59 -8.32 19.34 
10.33 120.76 -700.87 82.91 -6.44 16.86 
10.33 120.76 -700.87 84.57 -5.04 15.06 
-56.85 6.52 -1027.14 86.85 -2.98 11.30 
-56.85 6.52 -1027.14 88.51 -1.43 8.53 
-99.85 27.39 -942.12 90.46 0.44 6.81 
-99.85 27.39 -942.12 91.89 1.85 5.52 
-99.85 27.39 -942.12 92.95 2.91 4.56 
41.10 17.55 -1099.46 91.66 1.64 3.65 
41.10 17.55 -1099.46 90.69 0.69 2.96 
17.59 65.20 -1189.64 90.30 0.30 3.02 
17.59 65.20 -1189.64 90.01 0.01 3.05 
17.59 65.20 -1189.64 89.80 -0.20 3.08 
-45.02 70.23 -1088.46 90.44 0.44 3.24 
-45.02 70.23 -1088.46 90.92 0.93 3.36 
68.06 -17.57 -1518.82 90.05 0.05 2.35 
68.06 -17.57 -1518.82 89.39 -0.61 1.60 
79.80 -61.28 -1449.18 88.75 -1.26 0.59 
79.80 -61.28 -1449.18 88.27 -1.74 -0.17 
79.80 -61.28 -1449.18 87.92 -2.10 -0.74 
-68.75 33.29 -1227.13 89.24 -0.77 -0.17 
-68.75 33.29 -1227.13 90.23 0.23 0.27 
-56.63 67.40 -925.54 91.04 1.05 1.25 
-56.63 67.40 -925.54 91.66 1.67 1.98 
76.61 125.81 -1083.30 90.24 0.24 3.15 
76.61 125.81 -1083.30 89.17 -0.84 4.03 
76.61 125.81 -1083.30 88.36 -1.64 4.69 
92.84 181.02 -626.88 86.72 -3.26 7.49 
92.84 181.02 -626.88 85.46 -4.47 9.61 
42.24 112.59 -113.51 82.44 -6.86 16.84 
42.24 112.59 -113.51 79.82 -8.67 22.51 
76.98 29.46 -508.09 80.26 -8.66 17.56 
76.98 29.46 -508.09 80.57 -8.66 13.93 
60.98 66.88 -911.99 82.07 -7.45 11.46 
60.98 66.88 -911.99 83.15 -6.55 9.62 
60.98 66.88 -911.99 83.93 -5.87 8.26 
80.22 -66.26 -1004.86 84.32 -5.56 5.23 
80.22 -66.26 -1004.86 84.61 -5.32 2.96 
-193.49 284.13 -1017.83 88.56 -1.40 6.02 
-193.49 284.13 -1017.83 91.59 1.54 8.33 
1.89 -132.63 -797.52 91.15 1.12 3.86 
1.89 -132.63 -797.52 90.82 0.80 0.52 
1.89 -132.63 -797.52 90.58 0.57 -1.98 
130.67 -145.26 -1370.74 89.05 -0.94 -3.01 
130.67 -145.26 -1370.74 87.91 -2.08 -3.79 
32.77 -49.12 -1466.07 88.11 -1.88 -3.33 
32.77 -49.12 -1466.07 88.27 -1.74 -2.98 
-68.73 80.90 -1304.82 89.46 -0.54 -1.34 
-68.73 80.90 -1304.82 90.35 0.35 -0.11 
-2.26 8.18 -1328.16 90.29 0.29 0.01 
-2.26 8.18 -1328.16 90.24 0.24 0.09 
-2.26 8.18 -1328.16 90.20 0.21 0.16 
21.67 66.33 -1022.48 89.85 -0.15 1.06 
21.67 66.33 -1022.48 89.58 -0.42 1.73 
103.90 45.51 -1070.37 88.30 -1.71 1.91 
103.90 45.51 -1070.37 87.34 -2.68 2.05 
112.29 191.72 -806.06 86.05 -3.95 4.86 
112.29 191.72 -806.06 85.07 -4.90 6.98 
112.29 191.72 -806.06 84.33 -5.62 8.58 
77.40 190.64 -406.99 83.14 -6.64 12.51 
77.40 190.64 -406.99 82.21 -7.40 15.52 
143.77 53.92 -401.48 79.13 -10.43 13.56 
143.77 53.92 -401.48 76.85 -12.72 12.11 
166.95 31.66 -702.74 76.80 -12.91 9.72 
166.95 31.66 -702.74 76.76 -13.06 7.93 
166.89 31.22 -767.96 77.01 -12.89 6.53 
57.31 120.10 -761.48 79.18 -10.72 7.15 
57.31 120.10 -761.48 80.81 -9.10 7.61 
21.85 83.41 -871.75 82.76 -7.17 7.06 
21.85 83.41 -871.75 84.23 -5.73 6.67 
-84.02 99.52 -942.31 86.95 -3.02 6.49 
-84.02 99.52 -942.31 89.00 -0.99 6.37 
-209.32 140.76 -874.62 92.58 2.55 7.01 
-209.32 140.76 -874.62 95.30 5.21 7.50 
-209.32 140.76 -874.62 97.35 7.21 7.89 
44.10 -143.22 -1722.27 95.10 5.03 4.67 
44.10 -143.22 -1722.27 93.43 3.40 2.29 
-76.56 164.13 -1460.21 93.32 3.30 3.33 
-76.56 164.13 -1460.21 93.24 3.23 4.12 
9.53 16.26 -1311.77 92.32 2.32 3.27 
9.53 16.26 -1311.77 91.63 1.63 2.63 
9.53 16.26 -1311.77 91.11 1.12 2.15 
52.80 1.25 -1127.78 90.16 0.16 1.63 
52.80 1.25 -1127.78 89.45 -0.56 1.24 
127.82 170.77 -923.99 87.64 -2.36 3.53 
127.82 170.77 -923.99 86.27 -3.72 5.27 
127.82 170.77 -923.99 85.24 -4.74 6.57 
139.92 236.39 -708.15 83.69 -6.22 9.48 
139.92 236.39 -708.15 82.50 -7.32 11.69 
104.84 190.50 -406.68 80.86 -8.76 14.87 
104.84 190.50 -406.68 79.58 -9.84 17.32 
77.36 99.40 -255.72 78.00 -11.27 18.21 
77.36 99.40 -255.72 76.80 -12.36 18.90 
163.08 79.52 -747.86 77.04 -12.36 15.64 
163.08 79.52 -747.86 77.21 -12.35 13.23 
163.08 79.52 -747.86 77.33 -12.35 11.44 
72.90 75.88 -761.08 79.17 -10.62 9.97 
72.90 75.88 -761.08 80.53 -9.33 8.89 
33.62 63.63 -822.60 82.34 -7.58 7.76 
33.62 63.63 -822.60 83.68 -6.27 6.92 
-186.32 -17.34 -1093.68 87.70 -2.27 4.93 
-186.32 -17.34 -1093.68 90.73 0.72 3.47 
-241.70 -16.60 -1611.97 92.71 2.69 2.45 
-241.70 -16.60 -1611.97 94.18 4.17 1.70 
-241.70 -16.60 -1611.97 95.28 5.28 1.13 
-296.60 201.17 -2074.28 96.00 6.01 2.24 
-296.60 201.17 -2074.28 96.54 6.56 3.08 
-41.88 -239.86 -1254.00 95.39 5.39 -0.43 
-41.88 -239.86 -1254.00 94.52 4.52 -3.06 
-15.55 36.87 1084.59 97.29 3.60 -1.79 
-15.55 36.87 1084.59 114.49 2.91 -0.84 
-185.42 -493.62 828.55 123.30 4.94 -8.01 
-185.42 -493.62 828.55 109.79 6.46 -13.49 
-185.42 -493.62 828.55 106.43 7.61 -17.72 
-379.96 -319.97 -2072.60 147.98 8.31 -15.49 
-379.96 -319.97 -2072.60 130.67 8.83 -13.83 
-352.47 -545.26 -1557.58 114.57 9.67 -15.22 
-352.47 -545.26 -1557.58 109.36 10.30 -16.28 
-128.84 -252.55 2087.49 139.33 8.61 -13.90 
-128.84 -252.55 2087.49 129.24 7.35 -12.15 
-309.26 -347.07 -1876.02 136.73 7.84 -11.77 
-309.26 -347.07 -1876.02 112.66 8.21 -11.48 
-324.68 -119.65 -2072.98 106.11 8.41 -9.44 
-324.68 -119.65 -2072.98 103.30 8.56 -7.91 
-187.64 -256.26 2086.85 121.39 7.72 -7.71 
-187.64 -256.26 2086.85 144.80 7.09 -7.57 
-469.41 -302.71 -1380.75 135.65 9.90 -8.71 
-469.41 -302.71 -1380.75 120.09 12.02 -9.60 
-347.96 -3.18 -2073.83 110.88 11.43 -7.19 
-347.96 -3.18 -2073.83 106.59 10.98 -5.40 
-93.54 -244.70 2087.85 124.32 8.87 -5.75 
-93.54 -244.70 2087.85 146.50 7.30 -6.02 
-524.50 -379.02 -1433.98 137.12 10.32 -8.10 
-524.50 -379.02 -1433.98 121.65 12.61 -9.71 
-414.88 -139.25 -2073.90 112.56 12.32 -8.24 
-414.88 -139.25 -2073.90 108.32 12.09 -7.15 
102.43 -261.75 2090.13 123.25 8.32 -7.14 
102.43 -261.75 2090.13 137.42 5.51 -7.16 
-512.51 -290.48 -1385.37 133.66 9.07 -8.24 
-512.51 -290.48 -1385.37 119.85 11.76 -9.09 
-512.51 -290.48 -1385.37 115.60 13.80 -9.76 
-614.76 -118.17 -2076.24 112.15 14.51 -8.15 
-614.76 -118.17 -2076.24 110.25 15.04 -6.94 
235.59 -322.61 2091.92 121.09 9.57 -7.36 
235.59 -322.61 2091.92 154.92 5.53 -7.71 
-375.09 -376.65 -975.79 130.10 9.03 -10.81 
-375.09 -376.65 -975.79 119.34 11.67 -13.21 
-731.98 71.00 -2078.50 114.88 13.62 -9.46 
-731.98 71.00 -2078.50 112.82 15.09 -6.64 
207.35 -411.12 1452.10 126.22 9.22 -8.93 
207.35 -411.12 1452.10 136.42 4.89 -10.66 
-225.37 -269.26 -416.23 142.48 9.54 -15.28 
-225.37 -269.26 -416.23 128.57 13.07 -18.96 
-500.96 -58.57 -2075.26 116.54 13.23 -14.54 
-500.96 -58.57 -2075.26 111.40 13.36 -11.27 
-147.04 -535.19 62.88 120.03 13.85 -23.24 
-147.04 -535.19 62.88 131.02 14.21 -32.98 
24.49 184.94 1642.72 166.69 10.39 -21.92 
24.49 184.94 1642.72 114.66 7.56 -14.41 
-512.76 -584.96 -1033.36 175.74 11.41 -17.72 
-512.76 -584.96 -1033.36 142.65 14.34 -20.35 
-532.48 -138.65 -2075.22 122.76 14.39 -16.13 
-532.48 -138.65 -2075.22 115.00 14.42 -13.02 
-224.32 -190.66 512.74 146.99 16.38 -14.76 
-224.32 -190.66 512.74 165.36 17.86 -16.12 
-163.64 387.88 1256.45 130.96 15.15 -7.37 
-163.64 387.88 1256.45 115.97 13.14 -1.08 
-163.64 387.88 1256.45 108.86 11.65 3.55 
-541.44 -704.30 -2072.48 135.21 12.25 -1.97 
-541.44 -704.30 -2072.48 161.27 12.71 -6.14 
-614.65 -532.79 -1108.13 137.06 16.07 -10.50 
-614.65 -532.79 -1108.13 128.98 18.63 -13.94 
-21.90 296.56 2085.94 169.92 14.02 -8.01 
-21.90 296.56 2085.94 129.87 10.62 -3.82 
-563.89 -605.69 -1168.34 170.63 13.71 -9.19 
-563.89 -605.69 -1168.34 139.76 16.05 -13.38 
-469.56 -38.67 -2075.01 121.94 15.26 -10.24 
-469.56 -38.67 -2075.01 114.20 14.67 -7.91 
0.48 -122.94 1778.51 138.64 10.94 -6.88 
0.48 -122.94 1778.51 137.57 8.18 -6.14 
-499.76 -236.16 -476.53 167.41 15.84 -9.45 
-499.76 -236.16 -476.53 151.16 21.78 -12.25 
-171.33 112.27 -2072.43 126.42 17.41 -8.08 
-171.33 112.27 -2072.43 113.79 14.19 -5.14 
-51.99 -552.63 1099.36 135.89 11.23 -10.57 
-51.99 -552.63 1099.36 151.02 9.02 -14.65 
-370.20 -227.50 -287.62 166.89 16.72 -17.74 
-370.20 -227.50 -287.62 154.70 22.70 -20.52 
-163.44 140.31 -2072.48 128.50 18.02 -13.72 
-163.44 140.31 -2072.48 114.86 14.59 -9.04 
-35.96 -562.08 1486.82 139.12 11.22 -12.03 
-35.96 -562.08 1486.82 143.38 8.73 -14.28 
-35.96 -562.08 1486.82 110.28 6.87 -15.98 
-531.30 -268.88 -590.85 163.95 14.17 -17.00 
-531.30 -268.88 -590.85 160.54 19.79 -18.02 
-332.19 44.88 -2073.89 130.88 17.10 -12.87 
-332.19 44.88 -2073.89 117.30 15.10 -9.19 
35.29 -510.18 2086.54 145.77 11.02 -10.36 
35.29 -510.18 2086.54 132.69 8.00 -11.24 
-613.96 -338.06 -795.24 163.73 14.33 -13.34 
-613.96 -338.06 -795.24 143.92 19.20 -15.13 
-391.54 -231.64 -2073.17 124.48 17.06 -12.85 
-391.54 -231.64 -2073.17 115.16 15.47 -11.19 
16.12 -293.41 2089.32 138.96 11.42 -10.34 
16.12 -293.41 2089.32 139.76 8.43 -9.75 
-823.25 -573.22 -1892.87 147.93 11.93 -11.38 
-823.25 -573.22 -1892.87 128.23 14.59 -12.67 
-697.17 -165.89 -2076.92 119.34 15.61 -10.66 
-697.17 -165.89 -2076.92 115.25 16.38 -9.16 
-92.80 124.40 2086.01 139.01 12.87 -5.85 
-92.80 124.40 2086.01 148.46 10.28 -3.46 
-803.76 -542.48 -2076.23 146.61 12.85 -6.14 
-803.76 -542.48 -2076.23 127.01 14.79 -8.20 
-865.90 -700.27 -1146.79 127.03 19.05 -13.00 
-865.90 -700.27 -1146.79 127.04 22.32 -16.88 
-633.36 331.77 2078.92 158.83 20.96 -10.07 
-633.36 331.77 2078.92 158.39 19.94 -5.15 
-473.32 37.58 -2075.44 155.04 18.18 -3.55 
-473.32 37.58 -2075.44 129.23 16.87 -2.37 
-452.79 -731.34 480.28 156.34 19.39 -13.13 
-452.79 -731.34 480.28 178.09 21.30 -21.75 
-597.19 -310.77 268.68 168.22 28.05 -24.21 
-597.19 -310.77 268.68 163.55 33.40 -26.64 
-597.19 -310.77 268.68 160.95 37.64 -28.98 
-503.87 446.96 -2077.83 170.97 31.08 -16.00 
-503.87 446.96 -2077.83 145.89 26.45 -8.05 
230.68 -816.07 2094.34 177.96 17.94 -11.31 
230.68 -816.07 2094.34 129.84 11.82 -13.73 
-972.25 -505.51 -2078.30 171.46 14.94 -13.68 
-972.25 -505.51 -2078.30 139.76 17.32 -13.67 
-878.13 -505.68 -2032.41 127.73 18.71 -13.76 
-878.13 -505.68 -2032.41 122.21 19.76 -13.84 
-241.39 313.72 2083.40 151.68 16.41 -7.86 
-241.39 313.72 2083.40 150.55 13.94 -3.59 
-689.85 -426.71 -2075.54 152.75 15.00 -5.58 
-689.85 -426.71 -2075.54 129.08 15.81 -7.09 
-727.66 -507.73 -465.50 136.27 22.43 -13.31 
-727.66 -507.73 -465.50 140.13 27.60 -18.64 
-527.68 250.99 2080.50 173.53 24.17 -11.57 
-527.68 250.99 2080.50 150.46 21.65 -6.66 
-273.48 0.45 -2073.01 163.06 18.05 -4.88 
-273.48 0.45 -2073.01 129.51 15.40 -3.60 
-425.16 -643.16 488.30 160.99 18.36 -13.44 
-425.16 -643.16 488.30 171.65 20.61 -21.34 
-572.72 119.09 368.70 160.22 27.50 -13.98 
-572.72 119.09 368.70 155.16 32.96 -8.20 
-147.91 64.00 -2071.92 171.48 25.22 -5.20 
-147.91 64.00 -2071.92 138.32 19.73 -3.27 
-114.98 -510.64 739.75 176.56 16.59 -11.07 
-114.98 -510.64 739.75 141.60 14.27 -16.90 
-114.98 -510.64 739.75 121.48 12.55 -21.33 
-342.48 -71.40 -320.70 162.42 19.51 -18.69 
-342.48 -71.40 -320.70 169.15 24.94 -16.80 
-151.95 3.84 -2071.67 136.88 19.56 -12.01 
-151.95 3.84 -2071.67 118.93 15.64 -8.76 
-126.79 -431.85 519.12 145.13 14.43 -16.19 
-126.79 -431.85 519.12 165.13 13.52 -21.89 
-357.50 44.10 126.92 162.53 22.94 -15.46 
-357.50 44.10 126.92 161.64 30.44 -10.53 
-35.11 -377.90 -2068.45 162.16 22.59 -10.22 
-35.11 -377.90 -2068.45 130.50 17.00 -10.15 
-311.16 -289.36 96.50 152.42 22.96 -18.05 
-311.16 -289.36 96.50 167.84 27.61 -24.88 
-403.09 196.92 1311.79 158.72 24.90 -15.59 
-403.09 196.92 1311.79 137.08 22.90 -9.18 
-265.88 -119.95 -2072.32 176.39 18.91 -7.58 
-265.88 -119.95 -2072.32 139.44 15.98 -6.46 
-347.11 -448.20 -274.03 140.32 19.96 -15.76 
-347.11 -448.20 -274.03 140.79 23.01 -23.41 
-354.61 542.99 2080.98 179.45 19.54 -12.94 
-354.61 542.99 2080.98 140.04 16.99 -5.70 
-333.18 -452.60 -2071.41 166.71 14.98 -7.42 
-333.18 -452.60 -2071.41 128.77 13.49 -8.69 
-473.10 -328.73 -1083.11 121.74 15.75 -10.62 
-473.10 -328.73 -1083.11 118.61 17.47 -12.11 
-26.93 332.34 866.95 143.09 13.45 -3.47 
-26.93 332.34 866.95 149.50 10.47 2.75 
-26.93 332.34 866.95 114.30 8.26 7.35 
17.30 -569.75 -171.52 121.25 5.76 -8.60 
17.30 -569.75 -171.52 143.24 3.89 -20.86 
-97.44 -185.00 -2070.11 106.33 3.60 -16.83 
-97.44 -185.00 -2070.11 98.12 3.38 -13.87 
-143.81 -183.98 -1373.62 97.17 4.03 -12.32 
-143.81 -183.98 -1373.62 96.73 4.52 -11.17 
33.60 8.08 -732.65 93.62 2.73 -8.17 
33.60 8.08 -732.65 91.70 1.39 -5.96 
131.72 55.89 -707.34 88.14 -1.60 -3.34 
131.72 55.89 -707.34 85.71 -3.84 -1.39 
131.72 55.89 -707.34 84.00 -5.52 0.08 
147.12 65.74 -1012.92 83.40 -6.23 0.99 
147.12 65.74 -1012.92 82.96 -6.75 1.68 
147.29 70.88 -849.90 82.24 -7.54 2.46 
147.29 70.88 -849.90 81.71 -8.12 3.04 
127.33 -89.76 -886.00 81.73 -8.15 0.82 
127.33 -89.76 -886.00 81.76 -8.17 -0.85 
127.33 -89.76 -886.00 81.77 -8.19 -2.10 
123.39 5.04 -1106.63 82.25 -7.75 -1.50 
123.39 5.04 -1106.63 82.60 -7.42 -1.06 
29.68 87.24 -892.06 83.97 -6.04 0.62 
29.68 87.24 -892.06 85.00 -5.01 1.87 
170.34 -70.95 -1036.43 83.91 -6.11 0.42 
170.34 -70.95 -1036.43 83.10 -6.94 -0.67 
44.98 179.45 -1475.23 84.38 -5.64 1.26 
44.98 179.45 -1475.23 85.35 -4.67 2.70 
44.98 179.45 -1475.23 86.08 -3.94 3.78 
17.63 -5.70 -997.71 86.81 -3.21 2.75 
17.63 -5.70 -997.71 87.35 -2.66 1.98 
29.30 -34.12 -1038.20 87.61 -2.40 1.01 
29.30 -34.12 -1038.20 87.81 -2.21 0.28 
-29.24 98.60 -1035.44 88.76 -1.25 1.58 
-29.24 98.60 -1035.44 89.47 -0.53 2.55 
-29.24 98.60 -1035.44 90.01 0.01 3.28 
13.74 34.08 -1050.94 89.82 -0.18 2.93 
13.74 34.08 -1050.94 89.67 -0.33 2.67 
13.76 54.00 -1071.42 89.57 -0.43 2.73 
13.76 54.00 -1071.42 89.49 -0.51 2.77 
-1.88 70.15 -1067.60 89.65 -0.36 3.03 
-1.88 70.15 -1067.60 89.76 -0.24 3.22 
-1.88 70.15 -1067.60 89.85 -0.16 3.36 
-44.92 86.78 -1015.18 90.52 0.52 3.75 
-44.92 86.78 -1015.18 91.02 1.02 4.04 
-162.24 152.61 -866.00 93.38 3.37 5.49 
-162.24 152.61 -866.00 95.17 5.13 6.59 
-33.24 62.46 -1043.46 94.32 4.31 5.80 
-33.24 62.46 -1043.46 93.69 3.69 5.21 
-33.24 62.46 -1043.46 93.22 3.23 4.77 
-5.72 39.14 -912.60 92.50 2.51 4.20 
-5.72 39.14 -912.60 91.97 1.97 3.76 
-5.71 54.99 -941.21 91.56 1.57 3.67 
-5.71 54.99 -941.21 91.26 1.26 3.59 
-72.60 -1.76 -1076.18 91.91 1.92 2.67 
-72.60 -1.76 -1076.18 92.40 2.41 1.98 
-72.60 -1.76 -1076.18 92.76 2.78 1.46 
-123.67 -77.45 -1035.62 93.77 3.80 0.03 
-123.67 -77.45 -1035.62 94.53 4.56 -1.05 
-68.86 -129.63 -998.06 94.39 4.41 -2.65 
-68.86 -129.63 -998.06 94.28 4.29 -3.86 
25.36 -57.95 -1005.51 92.84 2.85 -3.72 
25.36 -57.95 -1005.51 91.77 1.77 -3.62 
37.11 -65.98 -997.19 90.79 0.79 -3.67 
37.11 -65.98 -997.19 90.06 0.06 -3.71 
37.11 -65.98 -997.19 89.51 -0.49 -3.74 
-48.64 194.99 -1036.14 90.29 0.29 -0.14 
-48.64 194.99 -1036.14 90.89 0.88 2.56 
-68.07 247.72 -967.33 91.66 1.64 5.49 
-68.07 247.72 -967.33 92.24 2.21 7.70 
84.20 -81.68 -910.98 90.33 0.33 4.47 
84.20 -81.68 -910.98 88.91 -1.08 2.06 
84.20 -81.68 -910.98 87.85 -2.14 0.26 
32.94 -127.06 -1131.44 87.97 -2.02 -1.43 
32.94 -127.06 -1131.44 88.06 -1.94 -2.69 
52.41 -226.96 -1057.35 87.84 -2.16 -5.07 
52.41 -226.96 -1057.35 87.67 -2.32 -6.86 
-76.56 -61.36 -994.41 89.37 -0.63 -6.02 
-76.56 -61.36 -994.41 90.63 0.63 -5.41 
-41.12 46.39 -1051.62 91.04 1.04 -3.41 
-41.12 46.39 -1051.62 91.34 1.34 -1.92 
-41.12 46.39 -1051.62 91.56 1.57 -0.81 
96.11 18.17 -968.42 89.75 -0.25 -0.33 
96.11 18.17 -968.42 88.39 -1.62 0.02 
-40.57 259.90 -926.32 89.39 -0.61 3.90 
-40.57 259.90 -926.32 90.15 0.15 6.82 
-161.98 296.85 -895.26 92.60 2.54 9.60 
-161.98 296.85 -895.26 94.47 4.33 11.71 
-161.98 296.85 -895.26 95.90 5.68 13.32 
-256.60 115.53 -1078.83 97.82 7.58 11.52 
-256.60 115.53 -1078.83 99.24 9.01 10.17 
-257.07 -152.77 -1004.12 100.54 10.32 5.50 
-257.07 -152.77 -1004.12 101.50 11.30 1.99 
-296.31 -117.25 -1118.87 102.35 12.18 0.01 
-296.31 -117.25 -1118.87 102.97 12.84 -1.48 
-174.98 -206.27 -1137.45 101.91 11.80 -3.71 
-174.98 -206.27 -1137.45 101.12 11.02 -5.38 
56.26 -294.76 -995.83 97.60 7.45 -8.17 
56.26 -294.76 -995.83 94.91 4.79 -10.26 
99.66 -174.29 -947.03 92.14 2.10 -10.30 
99.66 -174.29 -947.03 90.08 0.08 -10.35 
166.44 -138.10 -885.32 87.36 -2.59 -9.98 
166.44 -138.10 -885.32 85.33 -4.60 -9.72 
166.44 -138.10 -885.32 83.82 -6.11 -9.53 
217.29 -63.95 -1150.07 82.67 -7.28 -7.95 
217.29 -63.95 -1150.07 81.82 -8.17 -6.77 
264.44 -83.19 -994.56 80.13 -9.87 -6.29 
264.44 -83.19 -994.56 78.86 -11.16 -5.93 
229.41 5.76 -922.02 78.15 -11.90 -4.37 
229.41 5.76 -922.02 77.62 -12.46 -3.19 
170.75 66.41 -898.53 78.02 -12.05 -1.32 
170.75 66.41 -898.53 78.33 -11.75 0.08 
182.13 -58.98 -1036.36 78.75 -11.33 -0.76 
182.13 -58.98 -1036.36 79.08 -11.02 -1.40 
182.13 -58.98 -1036.36 79.31 -10.78 -1.88 
-5.69 59.12 -924.92 82.06 -7.98 -0.47 
-5.69 59.12 -924.92 84.13 -5.89 0.58 
21.50 -14.02 -1038.38 85.31 -4.71 0.24 
21.50 -14.02 -1038.38 86.19 -3.83 -0.02 
-130.92 191.79 -979.98 88.99 -1.00 2.72 
-130.92 191.79 -979.98 91.13 1.12 4.79 
-142.54 236.34 -927.34 93.00 2.95 7.12 
-142.54 236.34 -927.34 94.42 4.33 8.88 
-142.54 236.34 -927.34 95.49 5.37 10.22 
-150.52 152.27 -906.63 96.48 6.35 10.05 
-150.52 152.27 -906.63 97.22 7.09 9.92 
-108.25 -138.72 -1181.88 96.72 6.63 5.71 
-108.25 -138.72 -1181.88 96.34 6.28 2.59 
-77.18 -231.88 -1287.04 95.61 5.57 -0.64 
-77.18 -231.88 -1287.04 95.06 5.03 -3.06 
-96.73 -290.78 -1115.77 95.04 4.98 -5.96 
-96.73 -290.78 -1115.77 95.02 4.95 -8.14 
-61.44 -318.60 -1050.02 94.61 4.52 -10.35 
-61.44 -318.60 -1050.02 94.30 4.20 -12.02 
-61.44 -318.60 -1050.02 94.06 3.96 -13.28 
36.45 -387.08 -1015.97 92.57 2.48 -15.20 
36.45 -387.08 -1015.97 91.43 1.38 -16.66 
111.23 -219.21 -1052.66 89.52 -0.46 -15.45 
111.23 -219.21 -1052.66 88.11 -1.84 -14.56 
131.11 -165.95 -877.43 86.43 -3.49 -13.62 
131.11 -165.95 -877.43 85.18 -4.73 -12.92 
229.04 -158.98 -957.89 82.99 -6.90 -12.07 
229.04 -158.98 -957.89 81.36 -8.53 -11.43 
279.94 -155.76 -1034.78 79.72 -10.18 -10.74 
279.94 -155.76 -1034.78 78.49 -11.42 -10.23 
295.83 -63.34 -1002.46 77.24 -12.72 -8.60 
295.83 -63.34 -1002.46 76.31 -13.69 -7.38 
198.16 93.71 -992.11 76.91 -13.11 -4.14 
198.16 93.71 -992.11 77.36 -12.67 -1.73 
174.70 125.95 -988.46 78.02 -12.01 0.55 
174.70 125.95 -988.46 78.51 -11.52 2.25 
174.70 125.95 -988.46 78.87 -11.15 3.52 
135.33 49.76 -1012.97 79.76 -10.28 3.35 
135.33 49.76 -1012.97 80.42 -9.63 3.22 
131.24 -34.45 -1008.52 80.96 -9.10 1.92 
131.24 -34.45 -1008.52 81.37 -8.70 0.94 
-17.64 -1.54 -1002.20 83.78 -6.26 0.68 
-17.64 -1.54 -1002.20 85.59 -4.43 0.48 
-173.99 216.08 -980.58 89.12 -0.87 3.41 
-173.99 216.08 -980.58 91.82 1.80 5.61 
-173.99 216.08 -980.58 93.87 3.80 7.28 
-185.98 111.66 -1004.65 95.54 5.46 7.04 
-185.98 111.66 -1004.65 96.79 6.70 6.87 
-276.30 4.16 -952.14 99.16 9.05 5.24 
-276.30 4.16 -952.14 100.93 10.82 4.01 
-303.84 -51.73 -931.78 102.72 12.60 2.25 
-303.84 -51.73 -931.78 104.06 13.95 0.92 
-311.69 -12.21 -1025.82 104.78 14.69 0.52 
-311.69 -12.21 -1025.82 105.31 15.25 0.22 
-311.69 -12.21 -1025.82 105.71 15.67 -0.00 
-131.96 -286.31 -1075.42 103.57 13.43 -3.80 
-131.96 -286.31 -1075.42 101.94 11.77 -6.62 
40.36 -331.80 -1142.56 98.50 8.30 -9.03 
40.36 -331.80 -1142.56 95.88 5.72 -10.84 
201.38 -290.96 -916.78 91.35 1.30 -12.45 
201.38 -290.96 -916.78 87.91 -2.00 -13.71 
197.52 -219.34 -1006.85 85.61 -4.24 -13.37 
197.52 -219.34 -1006.85 83.90 -5.92 -13.13 
244.80 -115.02 -970.16 81.83 -7.99 -11.56 
244.80 -115.02 -970.16 80.30 -9.55 -10.39 
213.84 77.86 -951.09 79.54 -10.35 -6.61 
213.84 77.86 -951.09 78.98 -10.95 -3.78 
319.80 90.00 -856.22 76.60 -13.33 -1.40 
319.80 90.00 -856.22 74.82 -15.12 0.41 
304.02 140.81 -1064.53 74.63 -15.34 2.20 
304.02 140.81 -1064.53 74.48 -15.50 3.55 
304.02 140.81 -1064.53 74.38 -15.62 4.56 
190.35 93.97 -959.59 75.48 -14.53 4.84 
190.35 93.97 -959.59 76.31 -13.71 5.04 
-64.41 107.45 -942.13 80.68 -9.25 5.38 
-64.41 107.45 -942.13 83.99 -5.94 5.64 
-99.65 151.40 -995.73 86.92 -3.03 6.38 
-99.65 151.40 -995.73 89.13 -0.86 6.94 
-162.22 176.54 -886.50 91.93 1.89 7.97 
-162.22 176.54 -886.50 94.03 3.95 8.77 
-162.22 176.54 -886.50 95.62 5.50 9.37 
-260.47 127.78 -1050.40 97.72 7.57 8.76 
-260.47 127.78 -1050.40 99.29 9.13 8.31 
-233.30 -20.64 -1024.90 100.19 10.07 5.95 
-233.30 -20.64 -1024.90 100.85 10.77 4.18 
-182.80 -182.36 -1166.19 100.36 10.29 0.88 
-182.80 -182.36 -1166.19 100.00 9.94 -1.58 
-162.86 -92.99 -991.14 99.83 9.79 -2.53 
-162.86 -92.99 -991.14 99.71 9.68 -3.25 
-29.79 -221.74 -944.17 97.75 7.70 -5.77 
-29.79 -221.74 -944.17 96.28 6.21 -7.66 
-29.79 -221.74 -944.17 95.16 5.10 -9.08 
29.01 -154.79 -1082.43 93.47 3.44 -8.85 
29.01 -154.79 -1082.43 92.21 2.19 -8.69 
220.92 -287.52 -985.87 88.56 -1.41 -10.53 
220.92 -287.52 -985.87 85.78 -4.12 -11.95 
166.37 -102.97 -1028.16 84.51 -5.40 -10.41 
166.37 -102.97 -1028.16 83.57 -6.37 -9.25 
166.58 -46.10 -926.54 82.61 -7.35 -7.66 
166.58 -46.10 -926.54 81.90 -8.09 -6.47 
268.73 18.30 -819.74 79.37 -10.62 -4.57 
268.73 18.30 -819.74 77.47 -12.54 -3.13 
268.73 18.30 -819.74 76.06 -13.98 -2.05 
229.64 153.78 -983.90 76.26 -13.76 0.71 
229.64 153.78 -983.90 76.41 -13.60 2.77 
253.03 45.90 -901.58 75.88 -14.16 2.82 
253.03 45.90 -901.58 75.49 -14.58 2.85 
13.92 142.15 -1088.16 78.91 -11.07 4.02 
13.92 142.15 -1088.16 81.50 -8.46 4.88 
-91.80 92.07 -864.91 85.13 -4.82 5.16 
-91.80 92.07 -864.91 87.87 -2.10 5.37 
-91.80 92.07 -864.91 89.93 -0.07 5.54 
-209.19 252.42 -973.01 92.93 2.87 7.71 
-209.19 252.42 -973.01 95.21 5.08 9.36 
-209.45 159.59 -1054.07 96.73 6.59 9.17 
-209.45 159.59 -1054.07 97.87 7.73 9.03 
-292.08 -32.04 -976.59 100.10 9.93 6.34 
-292.08 -32.04 -976.59 101.75 11.60 4.32 
-342.76 96.78 -953.34 103.77 13.58 4.66 
-342.76 96.78 -953.34 105.27 15.08 4.93 
-342.76 96.78 -953.34 106.40 16.21 5.14 
-327.34 -35.70 -952.51 107.05 16.89 3.33 
-327.34 -35.70 -952.51 107.53 17.40 1.97 
-143.68 -317.62 -969.42 105.32 15.04 -3.15 
-143.68 -317.62 -969.42 103.63 13.28 -6.94 
-92.57 -206.02 -1038.70 101.47 11.21 -8.04 
-92.57 -206.02 -1038.70 99.86 9.66 -8.86 
111.28 -210.93 -1016.01 95.81 5.67 -9.55 
111.28 -210.93 -1016.01 92.76 2.70 -10.09 
205.62 -158.22 -864.40 88.68 -1.29 -10.12 
205.62 -158.22 -864.40 85.61 -4.28 -10.18 
182.30 56.98 -1094.00 84.31 -5.59 -6.88 
182.30 56.98 -1094.00 83.35 -6.58 -4.41 
213.91 94.16 -914.49 81.70 -8.23 -1.86 
213.91 94.16 -914.49 80.48 -9.48 0.06 
213.91 94.16 -914.49 79.56 -10.41 1.52 
186.44 173.17 -1114.92 79.80 -10.18 3.37 
186.44 173.17 -1114.92 79.97 -10.01 4.75 
25.88 202.80 -1010.89 82.09 -7.85 6.42 
25.88 202.80 -1010.89 83.70 -6.25 7.66 
17.78 58.63 -977.65 85.03 -4.94 6.60 
17.78 58.63 -977.65 86.02 -3.97 5.81 
17.78 58.63 -977.65 86.76 -3.24 5.22 
-127.14 151.23 -1040.88 89.30 -0.70 5.97 
-127.14 151.23 -1040.88 91.21 1.20 6.54 
-119.41 98.95 -1052.76 92.53 2.52 6.25 
-119.41 98.95 -1052.76 93.52 3.51 6.04 
-154.62 67.96 -918.48 95.04 5.02 5.59 
-154.62 67.96 -918.48 96.17 6.15 5.25 
-127.52 -69.01 -978.64 96.48 6.47 2.92 
-127.52 -69.01 -978.64 96.72 6.72 1.18 
-127.52 -69.01 -978.64 96.90 6.90 -0.13 
9.73 -65.42 -936.36 95.02 5.02 -1.11 
9.73 -65.42 -936.36 93.61 3.61 -1.84 
21.59 65.77 -1104.00 92.42 2.43 -0.52 
21.59 65.77 -1104.00 91.53 1.54 0.47 
41.28 46.53 -969.17 90.54 0.54 1.05 
41.28 46.53 -969.17 89.79 -0.21 1.48 
41.28 46.53 -969.17 89.23 -0.77 1.80 
88.16 -6.31 -1033.60 88.20 -1.81 1.26 
88.16 -6.31 -1033.60 87.43 -2.59 0.86 
60.72 -18.04 -1009.39 87.21 -2.81 0.39 
60.72 -18.04 -1009.39 87.05 -2.98 0.03 
48.71 -166.09 -959.87 87.06 -2.96 -2.45 
48.71 -166.09 -959.87 87.07 -2.94 -4.31 
48.71 -166.09 -959.87 87.07 -2.93 -5.71 
60.10 -374.46 -913.86 86.88 -3.08 -9.83 
60.10 -374.46 -913.86 86.72 -3.19 -12.95 
55.86 -610.06 -753.76 86.52 -3.23 -19.13 
55.86 -610.06 -753.76 86.35 -3.26 -23.91 
8.89 -731.98 -431.67 86.75 -2.60 -31.48 
8.89 -731.98 -431.67 87.12 -2.10 -37.58 
31.91 -949.22 -499.62 86.98 -2.01 -42.96 
31.91 -949.22 -499.62 86.86 -1.94 -47.33 
31.91 -949.22 -499.62 86.75 -1.88 -50.85 
55.49 -1119.00 -82.74 85.31 -2.13 -56.54 
55.49 -1119.00 -82.74 83.57 -2.31 -61.44 
-6.18 -767.18 273.50 81.20 -1.62 -63.98 
-6.18 -767.18 273.50 69.56 -1.11 -66.05 
44.35 -976.14 262.89 46.67 -1.47 -68.59 
44.35 -976.14 262.89 70.64 -1.74 -70.70 
24.46 -1009.74 30.50 68.25 -1.66 -74.02 
24.46 -1009.74 30.50 65.84 -1.59 -77.04 
51.62 -1059.31 -156.45 16.10 -1.90 -78.97 
51.62 -1059.31 -156.45 38.86 -2.12 -80.68 
55.84 -930.61 -108.14 50.29 -2.46 -82.85 
55.84 -930.61 -108.14 55.19 -2.71 -85.08 
55.84 -930.61 -108.14 57.79 -2.90 -88.01 
51.72 -1007.21 -164.86 63.34 -2.91 -88.68 
51.72 -1007.21 -164.86 66.44 -2.92 -89.74 
51.75 -1042.59 -58.71 63.51 -2.91 nan 
51.75 -1042.59 -58.71 60.81 -2.90 nan 
55.88 -985.74 42.96 47.40 -3.00 nan 
55.88 -985.74 42.96 30.54 -3.07 nan 
32.45 -1028.52 222.26 31.91 -2.75 nan 
32.45 -1028.52 222.26 60.04 -2.51 nan 
32.45 -1028.52 222.26 69.80 -2.33 -89.51 
32.56 -976.31 230.15 74.65 -2.22 -85.85 
32.56 -976.31 230.15 77.20 -2.14 -84.53 
28.58 -1000.44 218.00 78.80 -2.01 -84.15 
28.58 -1000.44 218.00 79.87 -1.91 -83.88 
40.26 -1012.96 157.05 78.94 -2.01 -85.35 
40.26 -1012.96 157.05 78.19 -2.08 -86.86 
40.26 -1008.95 157.03 77.59 -2.13 -88.98 
40.26 -1008.95 157.03 77.12 -2.17 nan 
40.26 -1008.95 157.03 76.76 -2.20 nan 
24.56 -985.33 79.29 76.19 -2.01 nan 
24.56 -985.33 79.29 75.64 -1.87 nan 
4.76 -1018.25 -55.28 72.60 -1.47 nan 
4.76 -1018.25 -55.28 66.81 -1.17 nan 
32.09 -983.54 -238.57 45.69 -1.34 nan 
32.09 -983.54 -238.57 71.79 -1.46 -86.41 
32.09 -983.54 -238.57 77.02 -1.56 -84.11 
43.80 -944.43 -377.22 80.26 -1.79 -78.90 
43.80 -944.43 -377.22 81.52 -1.97 -76.23 
4.75 -796.80 -525.14 85.05 -1.55 -70.01 
4.75 -796.80 -525.14 86.70 -1.23 -66.38 
12.60 -674.12 -766.16 87.65 -1.10 -58.70 
12.60 -674.12 -766.16 88.14 -1.01 -53.92 
16.75 -510.32 -864.76 88.40 -1.00 -47.30 
16.75 -510.32 -864.76 88.56 -0.99 -42.84 
36.56 -374.43 -926.36 88.30 -1.27 -37.22 
36.56 -374.43 -926.36 88.14 -1.49 -33.28 
36.56 -374.43 -926.36 88.02 -1.65 -30.43 
40.76 -226.12 -943.36 87.88 -1.84 -26.03 
40.76 -226.12 -943.36 87.79 -1.99 -22.84 
29.32 -41.87 -997.40 87.93 -1.92 -17.56 
29.32 -41.87 -997.40 88.03 -1.86 -13.70 
-1.64 127.27 -929.30 88.57 -1.37 -8.25 
-1.64 127.27 -929.30 88.96 -1.00 -4.21 
2.56 251.79 -905.42 89.18 -0.79 0.70 
2.56 251.79 -905.42 89.35 -0.63 4.38 
14.57 376.13 -901.83 89.28 -0.69 8.85 
14.57 376.13 -901.83 89.23 -0.73 12.23 
14.57 376.13 -901.83 89.19 -0.76 14.80 
14.81 488.58 -886.08 89.16 -0.78 18.21 
14.81 488.58 -886.08 89.13 -0.80 20.80 
26.78 557.28 -804.77 88.89 -0.99 24.11 
26.78 557.28 -804.77 88.70 -1.13 26.65 
7.47 674.10 -752.58 88.86 -0.96 30.18 
7.47 674.10 -752.58 88.99 -0.82 32.91 
7.47 674.10 -752.58 89.10 -0.72 35.01 
31.19 726.80 -654.76 88.70 -1.00 37.96 
31.19 726.80 -654.76 88.38 -1.20 40.25 
50.98 775.49 -561.03 87.63 -1.66 43.29 
50.98 775.49 -561.03 87.02 -2.00 45.69 
27.69 852.43 -476.08 86.95 -1.90 48.87 
27.69 852.43 -476.08 86.89 -1.83 51.39 
27.69 852.43 -476.08 86.85 -1.78 53.38 
23.98 925.11 -411.26 86.81 -1.67 55.95 
23.98 925.11 -411.26 86.78 -1.59 57.99 
16.27 937.92 -305.44 86.81 -1.42 60.63 
16.27 937.92 -305.44 86.84 -1.30 62.77 
4.54 934.22 -268.86 87.24 -1.04 64.79 
4.54 934.22 -268.86 87.59 -0.85 66.41 
8.60 986.63 -228.32 87.63 -0.76 68.23 
8.60 986.63 -228.32 87.67 -0.69 69.69 
8.60 986.63 -228.32 87.71 -0.64 70.86 
36.04 978.61 -207.59 86.19 -0.99 71.98 
36.04 978.61 -207.59 84.92 -1.25 72.87 
28.22 962.94 -158.69 84.01 -1.35 73.99 
28.22 962.94 -158.69 83.22 -1.42 74.88 
40.03 986.95 -158.68 81.71 -1.64 75.65 
40.03 986.95 -158.68 80.45 -1.80 76.25 
40.03 986.95 -158.68 79.43 -1.91 76.73 
20.50 995.44 -105.95 79.37 -1.73 77.54 
20.50 995.44 -105.95 79.31 -1.59 78.18 
32.30 1015.46 -101.84 78.01 -1.64 78.77 
32.30 1015.46 -101.84 76.89 -1.68 79.24 
44.10 1027.55 -85.46 74.17 -1.87 79.76 
44.10 1027.55 -85.46 71.82 -2.01 80.17 
28.46 1016.04 -20.36 68.65 -1.90 80.78 
28.46 1016.04 -20.36 65.12 -1.83 81.26 
28.46 1016.04 -20.36 61.37 -1.77 81.64 
32.38 1016.02 -20.32 56.75 -1.78 81.95 
32.38 1016.02 -20.32 52.38 -1.79 82.18 
52.02 1008.26 32.93 31.59 -2.07 82.43 
52.02 1008.26 32.93 12.14 -2.29 82.62 
28.52 1016.46 40.78 5.43 -2.11 82.69 
28.52 1016.46 40.78 19.96 -1.98 82.75 
28.52 1016.46 40.78 30.48 -1.89 82.79 
28.45 984.31 32.78 35.58 -1.83 82.81 
28.45 984.31 32.78 39.22 -1.78 82.82 
28.52 1008.52 53.04 46.60 -1.74 82.79 
28.52 1008.52 53.04 51.27 -1.70 82.77 
16.83 1044.72 56.81 57.51 -1.51 82.74 
16.83 1044.72 56.81 61.92 -1.36 82.73 
16.83 1044.72 56.81 65.05 -1.25 82.72 
24.66 1016.90 101.87 69.55 -1.28 82.39 
24.66 1016.90 101.87 71.92 -1.30 82.16 
32.46 988.86 114.33 72.70 -1.44 81.84 
32.46 988.86 114.33 73.16 -1.55 81.61 
32.48 1000.87 110.19 73.28 -1.62 81.50 
32.48 1000.87 110.19 73.37 -1.67 81.42 
32.48 1000.87 110.19 73.42 -1.71 81.36 
24.60 965.06 146.97 75.72 -1.64 80.83 
24.60 965.06 146.97 77.17 -1.59 80.46 
28.56 1012.76 85.63 76.10 -1.59 80.82 
28.56 1012.76 85.63 75.18 -1.60 81.10 
24.68 1020.97 110.00 75.73 -1.54 81.14 
24.68 1020.97 110.00 76.14 -1.50 81.16 
24.68 1020.97 110.00 76.44 -1.46 81.19 
16.88 1009.45 179.27 79.29 -1.33 80.42 
16.88 1009.45 179.27 80.98 -1.23 79.88 
28.65 1013.43 183.46 81.02 -1.32 79.48 
28.65 1013.43 183.46 81.05 -1.39 79.19 
44.22 980.95 138.96 78.98 -1.68 79.39 
44.22 980.95 138.96 77.38 -1.89 79.55 
63.83 1012.52 77.88 72.71 -2.31 80.19 
63.83 1012.52 77.88 68.47 -2.63 80.72 
63.83 1012.52 77.88 64.80 -2.87 81.14 
98.80 942.94 -96.66 40.76 -3.63 81.02 
98.80 942.94 -96.66 12.11 -4.20 80.98 
91.04 1018.73 -166.42 20.12 -4.40 80.31 
91.04 1018.73 -166.42 37.53 -4.55 79.84 
114.34 930.01 -214.62 48.64 -5.11 78.51 
114.34 930.01 -214.62 53.74 -5.53 77.62 
114.34 930.01 -214.62 56.53 -5.84 77.00 
141.26 811.53 -503.13 65.30 -6.47 70.40 
141.26 811.53 -503.13 68.90 -6.95 66.62 
125.29 746.24 -674.18 73.14 -6.98 60.85 
125.29 746.24 -674.18 75.35 -7.00 57.14 
156.36 653.08 -779.34 76.50 -7.44 52.25 
156.36 653.08 -779.34 77.18 -7.76 48.90 
179.46 468.04 -831.15 77.39 -8.49 43.51 
179.46 468.04 -831.15 77.52 -9.04 39.76 
230.05 322.79 -911.38 77.01 -10.14 34.35 
230.05 322.79 -911.38 76.67 -10.97 30.51 
230.05 322.79 -911.38 76.44 -11.60 27.71 
233.60 181.71 -1004.38 76.57 -11.95 23.20 
233.60 181.71 -1004.38 76.66 -12.22 19.91 
198.10 61.64 -987.87 77.20 -12.02 15.73 
198.10 61.64 -987.87 77.58 -11.88 12.65 
217.49 -46.70 -974.88 77.54 -12.09 8.76 
217.49 -46.70 -974.88 77.51 -12.25 5.86 
186.03 -74.96 -1024.01 78.07 -11.79 3.32 
186.03 -74.96 -1024.01 78.49 -11.44 1.42 
135.02 -118.58 -987.68 79.43 -10.53 -0.68 
135.02 -118.58 -987.68 80.13 -9.86 -2.25 
135.02 -118.58 -987.68 80.65 -9.35 -3.42 
127.15 -122.69 -1008.12 81.20 -8.82 -4.33 
127.15 -122.69 -1008.12 81.60 -8.42 -5.00 
52.76 -97.96 -968.32 82.92 -7.09 -5.21 
52.76 -97.96 -968.32 83.92 -6.10 -5.37 
72.35 -78.34 -1017.11 84.42 -5.60 -5.14 
72.35 -78.34 -1017.11 84.80 -5.23 -4.97 
236.82 -199.03 -941.30 82.59 -7.41 -6.70 
236.82 -199.03 -941.30 80.92 -9.05 -8.01 
389.86 -170.97 -829.67 76.92 -12.95 -8.84 
389.86 -170.97 -829.67 73.89 -15.91 -9.51 
389.77 -246.81 -772.22 71.25 -18.40 -11.48 
511.29 -247.43 -770.86 67.57 -21.86 -12.90 
511.29 -247.43 -770.86 64.78 -24.50 -14.05 
570.27 -179.19 -721.63 61.46 -27.73 -14.00 
570.27 -179.19 -721.63 58.98 -30.21 -14.00 
656.69 -126.94 -643.48 55.28 -33.81 -13.32 
656.69 -126.94 -643.48 52.52 -36.60 -12.82 
785.94 -156.10 -703.02 49.81 -39.29 -12.73 
785.94 -156.10 -703.02 47.79 -41.37 -12.69 
817.40 -214.85 -470.04 43.34 -45.18 -14.78 
817.40 -214.85 -470.04 39.96 -48.21 -16.65 
864.46 -207.06 -469.55 37.07 -50.92 -18.04 
864.46 -207.06 -469.55 34.91 -53.05 -19.27 
942.94 -155.50 -497.46 33.11 -55.05 -18.86 
942.94 -155.50 -497.46 31.77 -56.62 -18.57 
950.94 -126.70 -387.46 29.34 -59.06 -18.39 
950.94 -126.70 -387.46 27.53 -61.01 -18.34 
958.96 -133.37 -183.54 23.33 -64.38 -20.10 
958.96 -133.37 -183.54 20.17 -67.22 -22.08 
994.20 -193.22 -109.47 16.69 -69.74 -26.98 
994.20 -193.22 -109.47 14.06 -71.84 -32.14 
986.50 -156.60 -40.45 11.10 -74.22 -37.09 
986.50 -156.60 -40.45 8.88 -76.27 -43.23 
1013.97 -136.74 -48.39 7.32 -78.15 -49.31 
1013.97 -136.74 -48.39 6.16 -79.79 -58.07 
1013.97 -136.74 -48.39 5.30 -81.21 -73.54 
990.56 -123.96 40.96 3.37 -82.89 nan 
990.56 -123.96 40.96 1.92 -84.47 nan 
990.64 -107.58 89.79 0.13 -85.97 nan 
990.64 -107.58 89.79 1.21 -87.64 nan 
1018.06 -115.74 90.14 2.17 nan nan 
1018.06 -115.74 90.14 2.90 nan nan 
1018.05 -115.86 73.83 3.21 nan nan 
1014.20 -79.73 73.61 3.45 nan nan 
1014.20 -79.73 73.61 3.62 nan nan 
1022.03 -87.76 77.81 3.81 nan nan 
1022.03 -87.76 77.81 3.94 nan nan 
1022.03 -87.76 77.81 4.05 nan nan 
1018.20 -47.57 85.72 4.24 nan nan 
1018.20 -47.57 85.72 4.38 nan nan 
1006.49 -31.32 105.89 4.79 nan nan 
1006.49 -31.32 105.89 5.09 nan nan 
1006.49 -31.32 105.89 5.32 nan nan 
1010.38 -51.32 118.26 5.66 nan nan 
1010.38 -51.32 118.26 5.91 nan nan 
1022.12 -51.54 93.94 5.75 nan nan 
1022.12 -51.54 93.94 5.62 nan nan 
1022.12 -51.54 93.94 5.53 nan nan 
1026.06 -35.54 89.82 5.40 nan nan 
1026.06 -35.54 89.82 5.30 nan nan 
1002.54 -47.29 114.08 5.60 nan nan 
1002.54 -47.29 114.08 5.82 nan nan 
1002.54 -47.29 114.08 5.99 nan nan 
1022.13 -43.55 89.82 5.75 nan nan 
1022.13 -43.55 89.82 5.57 nan nan 
1022.13 -43.55 89.82 5.43 nan nan 
1026.02 -47.75 65.43 4.99 nan nan 
1026.02 -47.75 65.43 4.65 nan nan 
1022.16 -23.54 81.57 4.63 nan nan 
1022.16 -23.54 81.57 4.61 nan nan 
1022.16 -23.54 81.57 4.60 nan nan 
1022.13 -39.59 81.65 4.59 nan nan 
1022.13 -39.59 81.65 4.59 nan nan 
1026.04 -31.73 61.27 4.29 nan nan 
1026.04 -31.73 61.27 4.07 nan nan 
1026.04 -31.73 61.27 3.91 nan nan 
1029.98 -31.64 77.62 4.01 nan nan 
1029.98 -31.64 77.62 4.09 nan nan 
1029.98 -31.64 77.62 4.14 nan nan 
1029.96 -39.69 73.58 4.13 nan nan 
1029.96 -39.69 73.58 4.12 nan nan 
1018.24 -31.46 93.79 4.40 nan nan 
1018.24 -31.46 93.79 4.62 nan nan 
1018.24 -31.46 93.79 4.78 nan nan 
1018.25 -35.34 114.19 5.18 nan nan 
1018.25 -35.34 114.19 5.49 nan nan 
1010.40 -35.35 105.95 5.61 nan nan 
1010.40 -35.35 105.95 5.71 nan nan 
1010.40 -35.35 105.95 5.78 nan nan 
1014.28 -47.55 85.68 5.54 nan nan 
1014.28 -47.55 85.68 5.36 nan nan 
1014.26 -35.76 48.93 4.71 nan nan 
1014.26 -35.76 48.93 4.22 nan nan 
1014.26 -35.76 48.93 3.86 nan nan 
1033.84 -39.96 36.94 3.41 nan nan 
1033.84 -39.96 36.94 3.07 nan nan 
1033.84 -39.96 36.94 2.81 nan nan 
1029.90 -52.00 32.88 2.57 nan nan 
1029.90 -52.00 32.88 2.38 nan nan 
1037.73 -48.12 20.72 2.07 nan nan 
1037.73 -48.12 20.72 1.84 nan nan 
1037.73 -48.12 20.72 1.67 nan nan 
1014.24 -39.86 36.72 1.77 nan nan 
1014.24 -39.86 36.72 1.84 nan nan 
1025.96 -56.02 28.78 1.79 nan nan 
1025.96 -56.02 28.78 1.74 nan nan 
1025.96 -56.02 28.78 1.71 nan nan 
994.62 -63.69 57.00 2.10 nan nan 
994.62 -63.69 57.00 2.40 nan nan 
994.62 -63.69 57.00 2.62 nan nan 
994.46 -52.89 -122.40 0.22 nan nan 
994.46 -52.89 -122.40 1.59 nan nan 
880.78 -8.85 -221.72 4.73 -86.92 -55.91 
880.78 -8.85 -221.72 7.09 -83.56 -18.67 
880.78 -8.85 -221.72 8.86 -81.91 -12.05 
880.34 -75.17 -531.18 14.38 -73.24 -8.05 
880.34 -75.17 -531.18 18.59 -68.92 -7.77 
790.06 -99.31 -609.51 23.39 -63.97 -8.05 
790.06 -99.31 -609.51 27.01 -60.76 -8.37 
703.74 -75.67 -736.96 31.90 -55.93 -7.38 
703.74 -75.67 -736.96 35.58 -52.66 -6.88 
578.26 -55.53 -819.98 40.47 -47.89 -5.86 
578.26 -55.53 -819.98 44.14 -44.58 -5.26 
542.79 -127.93 -873.01 47.69 -41.23 -6.13 
542.79 -127.93 -873.01 50.35 -38.82 -6.74 
429.24 -67.06 -858.28 53.68 -35.68 -6.10 
429.24 -67.06 -858.28 56.16 -33.40 -5.66 
429.24 -67.06 -858.28 58.01 -31.72 -5.36 
370.28 -87.71 -989.27 60.90 -28.87 -5.28 
370.28 -87.71 -989.27 63.07 -26.79 -5.23 
331.24 -38.86 -916.58 64.86 -25.09 -4.50 
331.24 -38.86 -916.58 66.19 -23.83 -3.98 
307.70 -38.88 -937.23 67.61 -22.45 -3.57 
307.70 -38.88 -937.23 68.67 -21.43 -3.27 
252.78 -38.91 -982.68 70.40 -19.70 -3.02 
252.78 -38.91 -982.68 71.70 -18.41 -2.83 
190.08 -10.76 -1020.21 73.65 -16.45 -2.26 
190.08 -10.76 -1020.21 75.10 -15.00 -1.84 
158.80 1.80 -967.63 76.50 -13.59 -1.34 
158.80 1.80 -967.63 77.55 -12.55 -0.97 
158.80 1.80 -967.63 78.33 -11.76 -0.70 
92.16 -5.72 -943.88 79.86 -10.22 -0.61 
92.16 -5.72 -943.88 81.00 -9.07 -0.55 
-17.45 51.24 -912.79 83.52 -6.51 0.41 
-17.45 51.24 -912.79 85.41 -4.60 1.12 
-158.64 39.64 -955.07 88.90 -1.09 1.42 
-158.64 39.64 -955.07 91.54 1.53 1.66 
-158.64 39.64 -955.07 93.52 3.51 1.83 
-327.16 56.60 -948.89 97.38 7.30 2.20 
-327.16 56.60 -948.89 100.30 10.17 2.48 
-472.15 69.52 -930.20 104.44 14.16 2.86 
-472.15 69.52 -930.20 107.58 17.19 3.17 
-613.35 -45.02 -772.24 112.77 21.98 1.76 
-613.35 -45.02 -772.24 116.71 25.68 0.64 
-711.32 -68.03 -691.70 121.49 29.98 -0.60 
-711.32 -68.03 -691.70 125.10 33.32 -1.61 
-769.93 16.66 -672.40 128.58 36.54 -0.98 
-769.93 16.66 -672.40 131.19 39.04 -0.46 
-769.93 16.66 -672.40 133.13 40.98 -0.06 
-883.54 5.88 -575.79 136.59 43.99 0.06 
-883.54 5.88 -575.79 139.19 46.36 0.16 
-934.45 -1.44 -511.11 142.23 48.97 0.10 
-934.45 -1.44 -511.11 144.52 51.03 0.05 
-969.80 -96.68 -384.67 147.97 53.65 -2.10 
-969.80 -96.68 -384.67 150.58 55.72 -3.92 
-977.33 24.20 -316.06 153.47 57.92 -2.51 
-977.33 24.20 -316.06 155.63 59.66 -1.34 
-973.50 -4.13 -348.49 156.81 60.79 -1.15 
-973.50 -4.13 -348.49 157.69 61.67 -1.00 
-973.50 -4.13 -348.49 158.35 62.34 -0.89 
-985.08 -2.84 -169.28 161.31 64.04 -0.79 
-985.08 -2.84 -169.28 163.55 65.38 -0.72 
-1024.38 -54.74 -161.30 165.43 66.51 -2.37 
-1024.38 -54.74 -161.30 166.84 67.39 -3.72 
-1036.16 -58.80 -177.72 167.70 68.01 -4.91 
-1036.16 -58.80 -177.72 168.35 68.49 -5.85 
-1020.38 -50.30 -96.06 169.92 69.17 -6.41 
-1020.38 -50.30 -96.06 171.09 69.70 -6.86 
-1024.13 10.30 -39.34 172.77 70.26 -4.87 
-1024.13 10.30 -39.34 174.03 70.68 -3.32 
-1043.65 26.78 9.27 175.65 71.03 -1.45 
-1043.65 26.78 9.27 176.87 71.30 -0.01 
-1031.88 -4.84 87.00 178.86 71.37 -0.21 
-1031.88 -4.84 87.00 179.65 71.43 -0.36 
-1031.88 -4.84 87.00 178.53 71.47 -0.47 
-1016.32 -41.42 30.30 178.47 71.58 -2.11 
-1016.32 -41.42 30.30 178.42 71.67 -3.36 
-1024.00 15.15 82.92 177.66 71.64 -1.87 
-1024.00 15.15 82.92 177.09 71.62 -0.77 
-1028.01 -44.82 111.70 176.26 71.49 -2.43 
-1028.01 -44.82 111.70 175.65 71.39 -3.67 
-1043.58 -28.13 192.97 174.11 70.95 -3.80 
-1043.58 -28.13 192.97 172.96 70.62 -3.90 
-1035.80 -12.74 103.30 173.30 70.81 -3.46 
-1035.80 -12.74 103.30 173.55 70.95 -3.12 
-1035.80 -12.74 103.30 173.74 71.06 -2.87 
-1020.05 23.24 95.15 173.97 71.13 -1.20 
-1020.05 23.24 95.15 174.15 71.18 0.05 
-1000.51 -12.86 111.85 174.02 71.14 -0.50 
-1000.51 -12.86 111.85 173.92 71.11 -0.91 
-1035.78 -44.24 189.06 172.85 70.73 -2.41 
-1035.78 -44.24 189.06 172.05 70.45 -3.50 
-1063.17 -8.19 160.04 171.90 70.48 -2.94 
-1063.17 -8.19 160.04 171.78 70.50 -2.52 
-1004.46 18.58 13.82 173.64 70.86 -1.15 
-1004.46 18.58 13.82 175.03 71.13 -0.10 
-1059.33 -48.30 164.36 174.07 70.93 -1.96 
-1059.33 -48.30 164.36 173.34 70.78 -3.33 
-1059.18 16.00 180.34 172.59 70.60 -1.86 
-1078.79 12.09 180.14 172.07 70.51 -0.93 
-1078.79 12.09 180.14 171.68 70.44 -0.25 
-1043.73 -33.15 46.25 173.13 70.82 -1.51 
-1043.73 -33.15 46.25 174.21 71.11 -2.48 
-1086.68 23.63 102.55 174.31 71.24 -0.96 
-1086.68 23.63 102.55 174.39 71.33 0.20 
-1059.49 -100.88 103.48 174.39 71.23 -3.86 
-1059.49 -100.88 103.48 174.40 71.16 -6.89 
-989.12 -122.34 -46.44 176.46 71.07 -10.34 
-989.12 -122.34 -46.44 178.01 71.00 -12.94 
-996.97 -138.20 -26.07 178.88 70.92 -15.50 
-996.97 -138.20 -26.07 179.54 70.85 -17.43 
-1016.55 -118.16 -42.69 179.75 70.91 -18.02 
-1016.55 -118.16 -42.69 179.21 70.95 -18.46 
-1004.83 -138.30 -46.54 178.74 70.87 -19.61 
-1004.83 -138.30 -46.54 178.39 70.81 -20.47 
-1012.67 -138.26 -46.62 178.14 70.78 -21.08 
-1012.67 -138.26 -46.62 177.94 70.76 -21.54 
-997.05 -158.54 -66.73 177.50 70.57 -22.66 
-997.05 -158.54 -66.73 177.17 70.43 -23.48 
-1020.40 -78.07 -51.09 177.16 70.71 -20.98 
-1020.40 -78.07 -51.09 177.15 70.93 -19.08 
-1020.40 -78.07 -51.09 177.15 71.09 -17.65 
-1008.86 -182.58 -70.82 176.86 70.70 -20.56 
-1008.86 -182.58 -70.82 176.64 70.41 -22.71 
-1008.74 -142.16 -26.18 177.11 70.47 -22.95 
-1008.74 -142.16 -26.18 177.46 70.52 -23.14 
-1016.52 -94.20 -59.12 177.26 70.72 -21.35 
-1016.52 -94.20 -59.12 177.11 70.87 -20.00 
-977.51 -159.06 -127.65 175.98 70.40 -21.34 
-977.51 -159.06 -127.65 175.13 70.06 -22.33 
-1032.19 -117.80 -2.11 176.32 70.36 -21.69 
-1032.19 -117.80 -2.11 177.21 70.59 -21.20 
-1016.56 -114.26 -59.02 177.08 70.70 -20.68 
-1016.56 -114.26 -59.02 176.98 70.78 -20.28 
-1016.57 -114.34 -71.24 176.73 70.82 -19.96 
-1016.57 -114.34 -71.24 176.55 70.85 -19.72 
-1000.94 -114.76 -119.98 175.70 70.68 -19.42 
-1000.94 -114.76 -119.98 175.07 70.56 -19.20 
-993.13 -118.98 -144.33 174.23 70.33 -19.10 
-993.13 -118.98 -144.33 173.61 70.15 -19.03 
-1012.65 -130.21 -42.59 174.60 70.33 -19.68 
-1012.65 -130.21 -42.59 175.35 70.46 -20.18 
-1004.85 -102.81 -136.39 174.58 70.37 -19.23 
-1004.85 -102.81 -136.39 174.00 70.31 -18.52 
-1012.74 -154.59 -87.30 174.27 70.24 -20.09 
-1012.74 -154.59 -87.30 174.47 70.19 -21.27 
-1016.60 -126.46 -83.41 174.68 70.29 -21.13 
-1016.60 -126.46 -83.41 174.84 70.37 -21.02 
-1000.92 -118.60 -95.50 174.76 70.40 -20.65 
-1000.92 -118.60 -95.50 174.71 70.42 -20.37 
-993.14 -174.44 -42.15 175.42 70.27 -22.40 
-993.14 -174.44 -42.15 175.96 70.15 -23.93 
-997.04 -122.88 -132.12 175.08 70.07 -22.83 
-997.04 -122.88 -132.12 174.42 70.01 -22.01 
-1012.78 -190.45 -50.44 175.10 69.90 -24.06 
-1012.78 -190.45 -50.44 175.61 69.81 -25.60 
-1016.62 -158.22 -34.34 176.22 69.95 -25.67 
-1016.62 -158.22 -34.34 176.68 70.06 -25.73 
-1024.50 -150.58 -95.61 176.18 70.07 -25.29 
-1024.50 -150.58 -95.61 175.80 70.08 -24.96 
-997.10 -174.70 -82.95 175.66 69.94 -25.72 
-997.10 -174.70 -82.95 175.56 69.83 -26.28 
-1028.47 -206.25 -26.08 176.30 69.73 -27.77 
-1028.47 -206.25 -26.08 176.86 69.65 -28.89 
-1000.94 -98.99 -160.82 175.35 69.65 -25.41 
-1000.94 -98.99 -160.82 174.23 69.66 -22.86 
-1004.92 -123.07 -164.82 173.34 69.56 -21.85 
-1004.92 -123.07 -164.82 172.67 69.50 -21.10 
-1000.93 -110.77 -124.08 172.74 69.67 -20.31 
-1000.93 -110.77 -124.08 172.79 69.79 -19.71 
-989.24 -127.16 -164.62 172.23 69.61 -19.69 
-989.24 -127.16 -164.62 171.81 69.48 -19.68 
-1004.91 -127.00 -152.57 171.70 69.48 -19.69 
-1004.91 -127.00 -152.57 171.62 69.48 -19.70 
-1004.97 -131.34 -201.46 170.88 69.19 -19.57 
-1004.97 -131.34 -201.46 170.32 68.98 -19.48 
-997.10 -127.23 -181.02 170.17 68.94 -19.41 
-997.10 -127.23 -181.02 170.05 68.90 -19.36 
-993.19 -107.56 -234.06 169.22 68.60 -18.30 
-993.19 -107.56 -234.06 168.60 68.38 -17.53 
-985.32 -95.50 -225.88 168.22 68.28 -16.60 
-985.32 -95.50 -225.88 167.94 68.21 -15.91 
-993.20 -143.24 -172.74 168.49 68.33 -17.31 
-993.20 -143.24 -172.74 168.90 68.42 -18.38 
-993.20 -143.24 -172.74 169.21 68.48 -19.20 
-997.09 -95.53 -238.24 168.54 68.31 -17.74 
-997.09 -95.53 -238.24 168.05 68.18 -16.67 
-973.66 -116.07 -290.86 166.87 67.54 -16.29 
-973.66 -116.07 -290.86 166.00 67.07 -16.02 
-981.41 -111.43 -205.38 166.54 67.37 -16.15 
-981.41 -111.43 -205.38 166.95 67.60 -16.25 
-977.56 -155.47 -188.81 167.48 67.68 -17.92 
-977.56 -155.47 -188.81 167.88 67.75 -19.19 
-973.60 -103.78 -254.24 167.25 67.55 -17.98 
-973.60 -103.78 -254.24 166.77 67.40 -17.09 
-985.33 -87.65 -250.38 166.52 67.40 -15.89 
-985.33 -87.65 -250.38 166.32 67.40 -15.00 
-985.37 -99.82 -270.70 165.90 67.22 -14.63 
-985.37 -99.82 -270.70 165.58 67.08 -14.37 
-977.53 -103.79 -258.36 165.49 67.03 -14.38 
-977.53 -103.79 -258.36 165.41 67.00 -14.39 
-985.43 -143.76 -241.94 165.61 66.98 -15.78 
-985.43 -143.76 -241.94 165.76 66.96 -16.83 
-973.76 -180.04 -257.94 165.61 66.64 -18.70 
-973.76 -180.04 -257.94 165.50 66.40 -20.08 
-977.61 -143.94 -262.24 165.37 66.36 -19.95 
-977.61 -143.94 -262.24 165.27 66.33 -19.85 
-962.02 -199.99 -233.25 165.55 66.19 -21.75 
-962.02 -199.99 -233.25 165.75 66.08 -23.18 
-981.58 -207.55 -180.44 166.70 66.32 -24.79 
-981.58 -207.55 -180.44 167.42 66.51 -26.04 
-985.49 -211.40 -160.08 168.26 66.73 -27.23 
-985.49 -211.40 -160.08 168.88 66.90 -28.15 
-1024.52 -194.18 -17.94 171.41 67.57 -28.70 
-1024.52 -194.18 -17.94 173.31 68.08 -29.16 
-981.54 -242.90 -70.21 173.95 67.99 -31.11 
-981.54 -242.90 -70.21 174.44 67.92 -32.59 
-1028.28 -94.16 -63.32 174.96 68.73 -28.58 
-1028.28 -94.16 -63.32 175.34 69.35 -25.51 
-996.95 -173.67 67.86 177.48 69.42 -26.11 
-996.95 -173.67 67.86 179.08 69.47 -26.57 
-1020.32 -129.00 128.52 178.88 69.57 -24.96 
-1020.32 -129.00 128.52 177.35 69.64 -23.76 
-1016.47 -153.20 112.38 176.44 69.65 -23.82 
-1016.47 -153.20 112.38 175.75 69.65 -23.87 
-1020.31 -97.24 79.44 175.70 69.99 -21.97 
-1020.31 -97.24 79.44 175.66 70.24 -20.53 
-1020.24 -96.79 144.66 174.72 70.19 -19.16 
-1016.29 -84.72 152.80 173.90 70.13 -17.64 
-1016.29 -84.72 152.80 173.29 70.09 -16.52 
-1004.60 -105.03 124.50 173.20 70.11 -16.60 
-1004.60 -105.03 124.50 173.13 70.13 -16.66 
-1031.93 -92.27 209.72 171.97 69.77 -15.77 
-1031.93 -92.27 209.72 171.11 69.51 -15.12 
-992.92 -153.10 145.25 171.25 69.36 -17.23 
-992.92 -153.10 145.25 171.36 69.24 -18.81 
-992.88 -137.05 145.17 171.44 69.23 -19.43 
-992.88 -137.05 145.17 171.50 69.22 -19.90 
-1031.91 -60.48 164.73 171.36 69.43 -17.27 
-1031.91 -60.48 164.73 171.25 69.58 -15.29 
-1012.38 -80.84 136.52 171.52 69.76 -14.70 
-1012.38 -80.84 136.52 171.72 69.89 -14.25 
-992.85 -85.37 75.62 172.70 70.17 -14.31 
-992.85 -85.37 75.62 173.44 70.39 -14.35 
-1016.36 -136.62 189.74 172.43 69.90 -15.81 
-1016.36 -136.62 189.74 171.68 69.54 -16.88 
-996.80 -176.59 226.84 170.56 68.79 -18.84 
-996.80 -176.59 226.84 169.72 68.25 -20.25 
-1020.38 -168.95 153.17 170.15 68.36 -21.44 
-1020.38 -168.95 153.17 170.48 68.45 -22.35 
-1008.49 -65.26 71.26 171.86 69.15 -19.71 
-1008.49 -65.26 71.26 172.89 69.69 -17.67 
-1055.69 -97.78 -26.93 175.04 70.17 -17.32 
-1055.69 -97.78 -26.93 176.65 70.53 -17.06 
-1055.69 -97.78 -26.93 177.86 70.81 -16.86 
-1064.15 -339.44 -168.48 179.43 69.16 -23.82 
-1064.15 -339.44 -168.48 177.36 68.00 -28.71 
-1063.91 -52.93 -512.30 171.48 65.89 -20.90 
-1063.91 -52.93 -512.30 167.06 64.41 -16.15 
-852.84 -275.85 -680.02 160.62 59.50 -17.19 
-852.84 -275.85 -680.02 155.73 56.24 -18.07 
-429.45 -242.21 -720.28 146.93 48.18 -17.27 
-429.45 -242.21 -720.28 140.15 42.90 -17.24 
-350.62 61.04 -904.34 132.38 36.89 -10.61 
-350.62 61.04 -904.34 126.68 32.69 -6.46 
-319.36 83.98 -1046.77 121.41 28.55 -3.39 
-319.36 83.98 -1046.77 117.58 25.55 -1.26 
-209.73 -40.17 -930.79 113.67 22.24 -1.57 
-209.73 -40.17 -930.79 110.80 19.81 -1.80 
-288.26 -76.24 -984.48 109.64 18.93 -2.47 
-288.26 -76.24 -984.48 108.79 18.27 -2.97 
-170.86 -98.02 -1146.10 106.16 15.80 -3.46 
-170.86 -98.02 -1146.10 104.20 13.96 -3.83 
-252.67 -22.84 -776.46 105.16 14.95 -3.30 
-252.67 -22.84 -776.46 105.89 15.69 -2.90 
-139.96 -370.47 -1066.94 103.84 13.53 -7.01 
-139.96 -370.47 -1066.94 102.28 11.92 -10.08 
-229.27 11.78 -976.10 102.52 12.25 -7.38 
-229.27 11.78 -976.10 102.70 12.50 -5.36 
-41.37 -137.35 -932.49 100.13 9.99 -6.13 
-41.37 -137.35 -932.49 98.22 8.11 -6.71 
-41.37 -137.35 -932.49 96.79 6.71 -7.14 
1.74 -157.46 -907.45 95.06 5.00 -7.83 
1.74 -157.46 -907.45 93.76 3.72 -8.36 
14.14 246.52 -1080.53 92.64 2.61 -3.03 
14.14 246.52 -1080.53 91.80 1.77 0.94 
14.36 339.07 -1040.23 91.16 1.14 5.18 
14.36 339.07 -1040.23 90.68 0.67 8.37 
143.24 -1.24 -837.36 88.02 -1.94 6.25 
143.24 -1.24 -837.36 86.04 -3.90 4.67 
143.24 -1.24 -837.36 84.58 -5.37 3.49 
-33.29 58.11 -1092.35 86.39 -3.59 3.38 
-33.29 58.11 -1092.35 87.74 -2.25 3.30 
9.97 58.90 -945.13 88.16 -1.84 3.37 
9.97 58.90 -945.13 88.47 -1.53 3.43 
-297.92 -769.38 -1433.56 91.51 1.46 -4.17 
-297.92 -769.38 -1433.56 93.91 3.71 -9.94 
-297.92 -769.38 -1433.56 95.78 5.40 -14.35 
18.50 245.68 -615.80 93.92 3.64 -5.33 
18.50 245.68 -615.80 92.51 2.33 1.31 
374.60 -100.76 -548.94 82.98 -6.39 -1.21 
374.60 -100.76 -548.94 75.72 -13.03 -3.17 
292.42 177.62 -971.09 75.06 -13.93 0.18 
292.42 177.62 -971.09 74.58 -14.61 2.72 
217.01 -251.82 -1047.23 75.54 -13.85 -1.40 
217.01 -251.82 -1047.23 76.24 -13.27 -4.48 
217.24 -250.22 -814.90 75.95 -13.59 -7.64 
241.08 -89.86 -815.44 75.33 -14.34 -7.33 
241.08 -89.86 -815.44 74.87 -14.90 -7.09 
319.16 -124.15 -1075.26 74.51 -15.34 -6.99 
319.16 -124.15 -1075.26 74.25 -15.67 -6.91 
346.82 -142.53 -809.91 72.38 -17.53 -7.68 
346.82 -142.53 -809.91 70.98 -18.94 -8.27 
597.47 -244.33 -839.20 66.93 -22.72 -10.02 
597.47 -244.33 -839.20 63.84 -25.64 -11.44 
676.07 -243.30 -630.45 58.68 -30.24 -13.29 
676.07 -243.30 -630.45 54.75 -33.84 -14.89 
652.60 -270.54 -524.60 50.77 -37.29 -17.42 
652.60 -270.54 -524.60 47.77 -39.99 -19.57 
735.22 -213.48 -332.38 41.85 -44.89 -21.30 
735.22 -213.48 -332.38 37.38 -48.85 -23.08 
750.47 -327.32 -539.52 36.96 -49.34 -25.26 
750.47 -327.32 -539.52 36.65 -49.71 -26.95 
786.20 -193.79 -348.21 33.37 -52.94 -27.21 
786.20 -193.79 -348.21 30.94 -55.54 -27.62 
982.52 -125.32 -162.93 25.44 -59.93 -27.10 
982.52 -125.32 -162.93 21.32 -63.64 -27.17 
920.10 -114.96 129.80 13.83 -67.24 -28.27 
920.10 -114.96 129.80 8.16 -70.33 -30.08 
920.10 -114.96 129.80 3.95 -73.00 -32.66 
932.22 -45.25 357.84 2.51 -72.82 -26.09 
932.22 -45.25 357.84 7.33 -72.69 -21.48 
1006.64 -97.48 403.78 11.10 -72.11 -19.90 
1006.64 -97.48 403.78 13.88 -71.70 -18.81 
944.32 44.04 516.50 17.68 -69.41 -10.73 
944.32 44.04 516.50 20.51 -67.85 -5.88 
999.30 72.18 565.89 22.81 -66.39 -1.86 
999.30 72.18 565.89 24.52 -65.35 0.86 
971.63 66.77 341.42 23.21 -67.11 3.12 
971.63 66.77 341.42 22.24 -68.52 5.07 
971.63 66.77 341.42 21.51 -69.63 6.72 
943.96 128.56 -30.12 15.77 -72.37 12.31 
943.96 128.56 -30.12 11.37 -74.73 18.25 
955.28 -20.96 -175.99 5.86 -76.27 13.75 
955.28 -20.96 -175.99 1.71 -77.55 9.85 
833.34 -46.98 -552.22 7.09 -70.40 2.71 
833.34 -46.98 -552.22 13.90 -66.39 0.01 
715.61 -23.54 -733.01 22.10 -59.69 -0.65 
715.61 -23.54 -733.01 28.29 -55.45 -1.02 
715.61 -23.54 -733.01 32.87 -52.55 -1.26 
491.91 -67.77 -914.64 40.33 -45.65 -2.17 
491.91 -67.77 -914.64 45.94 -40.99 -2.76 
284.25 48.74 -1047.98 53.43 -33.92 -1.10 
284.25 48.74 -1047.98 59.04 -28.99 -0.04 
186.37 50.08 -926.80 64.16 -24.41 0.81 
186.37 50.08 -926.80 67.94 -21.08 1.42 
-186.03 44.07 -914.64 76.43 -12.70 1.71 
-186.03 44.07 -914.64 82.94 -6.61 1.94 
-417.80 -191.57 -932.36 90.87 0.80 -1.19 
-417.80 -191.57 -932.36 96.91 6.36 -3.55 
-417.80 -191.57 -932.36 101.40 10.56 -5.38 
-495.92 -54.70 -925.77 105.79 14.75 -4.86 
-495.92 -54.70 -925.77 109.01 17.94 -4.49 
-676.22 -116.97 -780.74 114.57 23.01 -5.20 
-676.22 -116.97 -780.74 118.75 26.93 -5.81 
-773.97 -71.19 -614.94 124.51 31.96 -5.76 
-773.97 -71.19 -614.94 128.86 35.92 -5.76 
-891.52 -97.94 -510.14 134.26 40.44 -6.33 
-891.52 -97.94 -510.14 138.34 44.04 -6.86 
-820.63 18.74 -408.03 142.21 47.38 -5.04 
-820.63 18.74 -408.03 145.10 50.04 -3.54 
-1008.78 -19.80 -320.27 149.48 53.43 -3.30 
-1008.78 -19.80 -320.27 152.76 56.15 -3.11 
-992.96 -7.06 -206.03 156.69 58.92 -2.70 
-992.96 -7.06 -206.03 159.63 61.15 -2.36 
-992.80 5.93 -67.50 163.78 63.40 -1.73 
-984.96 5.89 -67.42 166.90 65.21 -1.19 
-984.96 5.89 -67.42 169.23 66.65 -0.74 
-1043.77 73.38 -215.15 169.00 67.20 1.86 
-1043.77 73.38 -215.15 168.84 67.63 3.89 
-871.91 56.30 -820.48 160.75 60.65 3.61 
-871.91 56.30 -820.48 154.55 56.29 3.58 
-656.52 -37.22 -837.98 147.68 50.87 1.58 
-656.52 -37.22 -837.98 142.56 47.18 0.37 
-366.56 -79.16 -883.44 134.77 40.19 -1.29 
-366.56 -79.16 -883.44 128.92 35.39 -2.35 
-366.56 -79.16 -883.44 124.61 31.97 -3.08 
-60.82 -68.93 -916.75 116.60 24.44 -3.34 
-60.82 -68.93 -916.75 110.59 19.08 -3.56 
201.74 -82.76 -978.96 102.18 11.20 -3.79 
201.74 -82.76 -978.96 95.87 5.44 -4.01 
213.35 -151.08 -986.64 91.10 1.04 -5.15 
213.35 -151.08 -986.64 87.62 -2.26 -6.02 
260.50 -79.35 -1023.15 84.51 -5.27 -5.62 
260.50 -79.35 -1023.15 82.23 -7.54 -5.34 
256.98 26.32 -828.07 79.79 -9.99 -3.58 
256.98 26.32 -828.07 77.99 -11.83 -2.25 
236.40 -253.37 -1258.96 78.34 -11.52 -4.57 
236.40 -253.37 -1258.96 78.59 -11.28 -6.31 
236.40 -253.37 -1258.96 78.79 -11.11 -7.61 
-156.91 -770.91 -1550.18 82.74 -6.99 -12.21 
-156.91 -770.91 -1550.18 85.85 -3.92 -15.69 
515.33 -44.85 -1065.31 80.20 -9.28 -12.40 
515.33 -44.85 -1065.31 76.02 -13.36 -9.97 
33.10 -212.98 -788.62 78.95 -10.58 -11.28 
33.10 -212.98 -788.62 81.14 -8.50 -12.26 
241.65 191.04 -808.68 79.16 -10.45 -5.95 
241.65 191.04 -808.68 77.69 -11.91 -1.22 
439.70 -483.74 -1349.28 76.27 -13.25 -5.74 
439.70 -483.74 -1349.28 75.19 -14.26 -9.20 
295.58 -247.08 -883.33 74.26 -15.22 -10.83 
295.58 -247.08 -883.33 73.56 -15.95 -12.07 
291.48 -339.28 -874.76 73.07 -16.35 -14.39 
291.48 -339.28 -874.76 72.70 -16.65 -16.16 
192.27 590.07 3.98 67.00 -16.99 2.23 
192.27 590.07 3.98 60.06 -17.24 16.11 